	ec1249	ec1257	ec1265	ec1298	ec1301	ec1309	ec1314	ec1317	ec1346	ec1349	ec1356	ec1359	ec1361	ec1362	ec1368	ec1378	ec1380	ec1390	ec1392	ec1393	ec1396	ec1400	ec1408	ec1409	ec1411	ec1420	ec1422	ec1424	ec1425	ec1427	ec1435	ec1437	ec1442	ec1449	ec1457	ec1462	ec1468	ec1469	ec1470	ec1489	ec1492	ec1493	ec1497	ec1498	ec1500	ec1502	ec1508	ec1513	ec1514	ec1516	ec1517	ec1524	ec1525	ec1530	ec1533	eti111	eti121	eti125	eti145	eti146	eti149	eti151	eti152	eti153	eti154	eti156	eti162	eti164	eti165	eti167
ec1249	0.0	0.6846602559424277	0.5551960993691165	0.5581074024845649	0.5682251732935784	0.5283229151484872	0.6288276616509677	0.6570012900103358	0.6115791782033934	0.5764004555326346	0.6713247615679835	0.6420180383259598	0.6662923401501363	0.6762154046682615	0.4011247384406042	0.6797859601596093	0.6900908144879948	0.6342850880802215	0.6470038175237229	0.6773743509483737	0.6759823486822218	0.5610100690359784	0.6404998992694363	0.6627661989292075	0.4028205856449904	0.637388224896593	0.6712696503986253	0.6032407892812707	0.6521181074881969	0.6441668053281876	0.5960580091054777	0.5630736621205696	0.7722817617305904	0.6624502025660243	0.6116274469330772	0.6693740988704472	0.6909869021401015	0.6142660216216932	0.6474455525453711	0.7035826210728806	0.7024107945475481	0.6261370269261292	0.6595790283725114	0.5293143383287472	0.4451795095736205	0.5934624703121194	0.5677223075462686	0.6775581466899231	0.7052997093427598	0.6325086378667181	0.6762701278827108	0.6793237777082478	0.6786923784219383	0.5058529637223121	0.5459132712163317	0.6773492540664595	0.6702775272886959	0.6432744669774857	0.7087657994322787	0.7046704366300703	0.4690433484693532	0.44944143053949265	0.5450202743963736	0.5314395920804933	0.6512897252386716	0.43774628584645003	0.6248744253426316	0.6933661479860291	0.6446488623367572	0.656127487964329
ec1257	0.6846602559424277	0.0	0.6134054962428432	0.5958308056321594	0.5437861988486385	0.5930910024318855	0.40230726398654465	0.46213522308773924	0.453881637640914	0.5039530376173779	0.21978904951619602	0.2390816796252438	0.2686857505632656	0.19975457392012713	0.695765033657999	0.4408889356899877	0.267522357633364	0.273253870195711	0.3763087222187698	0.5388049070587095	0.29559954760792134	0.3402289207877682	0.30217658679307513	0.42567682182817734	0.6242237610054724	0.3651901033597376	0.4360318475697674	0.4269045239220189	0.49203776607419153	0.4056513998296733	0.4682182458505782	0.40154733753054245	0.6146949920198772	0.8330625774005164	0.48092452722529144	0.462894658446382	0.2613230498333115	0.47372847448150274	0.5407116385814398	0.5455111026510063	0.33078841195802994	0.51439968064817	0.5801800541147736	0.8127006875931387	0.5876153340872238	0.5584583069957146	0.6158092236683805	0.2888439100549607	0.2868702488455704	0.6109969520576811	0.30407687419413915	0.23017495592947973	0.4771863612690145	0.7864588019083877	0.5707941481751383	0.5245529615200142	0.5773061568863858	0.3434239158093741	0.3435997315342503	0.28408486431623503	0.7604900846179035	0.7454659745570553	0.7566414284164505	0.6354716853613838	0.4104905979862381	0.7506918615227459	0.5777995115462987	0.4312260123732099	0.5611194398275613	0.4350836503135971
ec1265	0.5551960993691165	0.6134054962428432	0.0	0.5038520104706318	0.48079330895855615	0.45284383158626407	0.615763740039542	0.6410125205010363	0.5834858480772329	0.548502651369882	0.5947032480986789	0.5694514648118117	0.5648388634394579	0.6025737016819327	0.6530282206914589	0.6771985703399686	0.6271118432874513	0.5489528789173009	0.6184363000891658	0.6454188823158616	0.6030202151212808	0.478131145018012	0.5877427474233815	0.5596371298901434	0.6389318783047498	0.5590347399602095	0.6694842293120702	0.5190072435858222	0.6170368587587087	0.6166889188386647	0.49977187601337636	0.4569221078588847	0.7787177957981425	0.7931120895418837	0.5353332318174366	0.6587813178311936	0.5929825878504407	0.528465346287862	0.6157196942204342	0.7014883238184448	0.6127387087036985	0.6216071377212589	0.7071145997453228	0.7154978772658902	0.641756692359901	0.5007273968077306	0.5926316197664983	0.5992836916927229	0.6309814480142757	0.6208482844766219	0.5654282206475572	0.5781340509910377	0.6663869251440395	0.6889331733191155	0.47981793159265324	0.6304531835366891	0.6258315100160643	0.5691522320350517	0.6401735813543552	0.6299019498155203	0.7021964439602664	0.6650359919969557	0.7074424198506506	0.7050237987723129	0.5448549850853407	0.6661226860326712	0.5877220739853866	0.6370177190505848	0.5850434976088451	0.6412758787692316
ec1298	0.5581074024845649	0.5958308056321594	0.5038520104706318	0.0	0.5241575230605484	0.5130852960638644	0.4308998769873083	0.49698330232165816	0.38300289844919383	0.4280412385031347	0.5869370787849514	0.5598069209251945	0.5625714147139455	0.5937078635399246	0.5250167175589106	0.5248992314859522	0.6138760513625108	0.5395193272559741	0.5662226019262471	0.5002374738592247	0.5957658730966349	0.4967458264152159	0.575434748423582	0.5862243732161692	0.5476855175749018	0.5307948896529904	0.5123955904826564	0.46070370647326436	0.5444116092041096	0.5632259058193909	0.4346871409886368	0.4597400977491961	0.6035871470441654	0.7449351362305769	0.5070111127298231	0.502108509211053	0.5860881645394722	0.526013084877568	0.45042319884478177	0.5281808667508332	0.6061849362744919	0.46542700790414854	0.55264079496758	0.6286260541153421	0.6361834273157124	0.42098840093158024	0.5468866536890588	0.5963650041300974	0.6228601091991343	0.37964523586337645	0.5677510557185635	0.5742246510653779	0.4897082817403515	0.6678514776716288	0.47343075859446115	0.6278964043523445	0.5777980588566887	0.5472593681627306	0.6333120048435109	0.6264659183723996	0.5929967659390833	0.5726275803027872	0.6632253323504083	0.6993896287111527	0.5557793791117775	0.5525438563656537	0.4466913163788622	0.6091175604574692	0.5703065971303894	0.44888251384095007
ec1301	0.5682251732935784	0.5437861988486385	0.48079330895855615	0.5241575230605484	0.0	0.5178039518830581	0.6027795386062109	0.5860890154621997	0.6076430063705034	0.4511768533155708	0.5448828306532824	0.5766281238385897	0.5259370101019761	0.5547734338699767	0.6663664096634571	0.642199536947082	0.5754487376409179	0.5609154206287832	0.5792179849948299	0.6506267063127501	0.5459201171873893	0.4164146945266908	0.5653091519347095	0.539961793844208	0.6327392254519686	0.5664116324579733	0.624174586180203	0.45816507737328666	0.6329548861748063	0.5789969368205204	0.48105148955279475	0.4802343262882033	0.7497519535469618	0.7918882442723976	0.4581881621919167	0.6199992735251324	0.5614700949990088	0.4947109501064996	0.5868344756695487	0.66396157101002	0.5852874436496696	0.5723657923192146	0.6801877589296103	0.7348349451887503	0.6449435661401058	0.5439472013460823	0.6115565605464988	0.5467346047129756	0.5749908163000612	0.5984008238658843	0.5310204561676577	0.55519122793942	0.6262941411721265	0.7113337070059879	0.5015061542974684	0.6203804551815435	0.5824855238787802	0.5092168014631157	0.5918204884655405	0.5777567581282803	0.6860073929596249	0.6971498568520391	0.6851690872930636	0.7085920624121677	0.5240688286890477	0.68114784194313	0.5557703171285705	0.5685615734492913	0.5470414847245874	0.598022437244377
ec1309	0.5283229151484872	0.5930910024318855	0.45284383158626407	0.5130852960638644	0.5178039518830581	0.0	0.5988930244906788	0.6527490870196191	0.5839685971789753	0.5155299032366693	0.5738061702411601	0.543856701299758	0.6019567825859968	0.606232783121787	0.6033101013581322	0.6880893034829492	0.6417934171983524	0.5411470489736043	0.5989851240886883	0.6781116451950009	0.6238007874354161	0.47032088561220875	0.577813042186346	0.552176868545917	0.6000396913854479	0.5758652565828439	0.6705385649478606	0.5296760779788252	0.6363452331450434	0.6161626938054742	0.5348070556786658	0.48284156309372267	0.784301112729955	0.7732559479190746	0.5292680751067322	0.6731236707428214	0.6291548394692688	0.5420231675040863	0.640256344162697	0.7162053856463256	0.645844485644704	0.6282078638948123	0.7141034410808306	0.6339294155183384	0.6475214550875071	0.47711360536115266	0.571344638195453	0.6202944576557496	0.6494413781599204	0.6242334273162302	0.609444636612094	0.6147833619127979	0.6664727789052072	0.6424029674322924	0.4841073124819365	0.6353307129992732	0.6362405762771106	0.5601094538982601	0.6587408258082483	0.6479504837351321	0.6186610734964275	0.5801174784188543	0.6928613523867224	0.6947056186438407	0.5339761428154625	0.5777852427123756	0.6032908765595113	0.6082006922399525	0.5773793951313647	0.6574583951390235
ec1314	0.6288276616509677	0.40230726398654465	0.615763740039542	0.4308998769873083	0.6027795386062109	0.5988930244906788	0.0	0.34627720455455835	0.1982881606192888	0.5164834705374558	0.3747860644166725	0.3240423434534971	0.4204456937471782	0.38747496771116197	0.5937697819479089	0.32343553655364427	0.43490266965683333	0.3080496306325228	0.3931973616714216	0.3849205258822326	0.4510479874469333	0.40848985415287703	0.38134714052977375	0.45661326909251954	0.6046988095779717	0.4468629349796928	0.30555932174560557	0.5321149309714416	0.4769514776113995	0.42196146767747506	0.5543477613504448	0.47206654331341424	0.41620068485902423	0.8281330711413667	0.5503867386807506	0.323312380014973	0.4234081441204221	0.5721300478373262	0.3967857560613999	0.37686425968404547	0.4639710251839454	0.39749504540165387	0.44091513746412003	0.733808301254466	0.6101432632628465	0.5397760794252273	0.5618895726407703	0.4615893482765282	0.4432579550117564	0.4490146053247638	0.4511164466817765	0.4125693392552232	0.3370362304111453	0.7527554691875844	0.5767340642801171	0.5643641249395636	0.6236166738380657	0.47218325481240525	0.4744124418203252	0.4484310260118997	0.6616249891701174	0.6476468709065475	0.7556852163157658	0.6560855870539211	0.5260294028110514	0.6499244337895307	0.41486444166886344	0.5478396944027732	0.621756730919285	0.24945175607782574
ec1317	0.6570012900103358	0.46213522308773924	0.6410125205010363	0.49698330232165816	0.5860890154621997	0.6527490870196191	0.34627720455455835	0.0	0.31830861517827075	0.5639384661745074	0.4648328407588067	0.4726300343130912	0.42236426456620835	0.38842068810726627	0.5740424184114117	0.279121261167476	0.4102126970125335	0.48815659554621144	0.46248144163644767	0.4105853672805418	0.42719428593506126	0.5395215869534895	0.4592427854817449	0.5387235537716186	0.6733287497628633	0.4555549566082276	0.2742453744400805	0.4818772666557354	0.5012912764924662	0.44459396373911936	0.5247230203090499	0.5091909492260946	0.4217854083461822	0.8315615767696771	0.545202539017593	0.22641979405990303	0.436989803438353	0.5401813548329683	0.3802115894231318	0.3994648441992924	0.4802636053958883	0.29021696136401604	0.3679754781632963	0.7153415255565003	0.6230727432427018	0.5820480260915598	0.6070213942893291	0.4215935528169607	0.45325137646418456	0.4369420933516004	0.44068059032123597	0.41348569566939386	0.2615998253650925	0.7633142425498478	0.602810953430303	0.5611150780011047	0.6535762311781245	0.4104609234518652	0.48826594632021025	0.4494842571435441	0.6399730977199815	0.6390800198959723	0.7670257902704021	0.6836486547081837	0.4691192037553303	0.6532441996404332	0.5033924959308288	0.5146677253859264	0.633509161640447	0.2914713745873175
ec1346	0.6115791782033934	0.453881637640914	0.5834858480772329	0.38300289844919383	0.6076430063705034	0.5839685971789753	0.1982881606192888	0.31830861517827075	0.0	0.5264732210080013	0.4475116957354452	0.3831489989095308	0.44419897834265626	0.4297844290311205	0.580106089469374	0.3512108140992616	0.46557646895321936	0.3451047902990433	0.41138452775767803	0.39526800560083586	0.4831600478009603	0.4847025092676336	0.41345146387368226	0.5219792489529418	0.6205426264589797	0.436349076734492	0.35850968820122014	0.523921105004825	0.4756004452821094	0.44942519700017663	0.5374496971398094	0.4924216244790155	0.4517700196177418	0.8166169340101801	0.5604581528833291	0.38138935070518054	0.45868017671934436	0.5818904247524989	0.3753866856928707	0.4151436673977206	0.49512626804885734	0.4165087726493041	0.4591526277636099	0.7077175078485062	0.5947389792539999	0.5173302224581914	0.5957215349565163	0.4869412401732489	0.5087612880808391	0.47069339175538405	0.47634457203868286	0.4400577364084429	0.39995599331631515	0.7337592147087126	0.5480461609139452	0.5555949382388787	0.6377498211596881	0.469298185059945	0.5307015829788928	0.5070061742690086	0.6480796920189522	0.6486576298238855	0.7366060132912158	0.6404918301186397	0.520967381206356	0.6220704283826444	0.4587876018088698	0.5601075486377919	0.6473220337015952	0.31662371697148073
ec1349	0.5764004555326346	0.5039530376173779	0.548502651369882	0.4280412385031347	0.4511768533155708	0.5155299032366693	0.5164834705374558	0.5639384661745074	0.5264732210080013	0.0	0.5154725949469667	0.524846176861612	0.5492871978840326	0.5334612077257841	0.6001192923868361	0.5920500281587318	0.5687275376738777	0.5135978716535521	0.4686635686257334	0.6069948578857096	0.5812441065543569	0.41576979383410834	0.5680974454612188	0.5428595390695525	0.5301784784335505	0.5740415435472032	0.5828000795100968	0.3822547671615638	0.5673162600749613	0.49318609874482305	0.42152940992007	0.4774348976375053	0.7129244134673542	0.7793689218963562	0.4887892425783252	0.6019812490787261	0.5646527935011704	0.5293410372089317	0.5754773977535942	0.6091266901770439	0.5870612006708287	0.5603899341174231	0.6611749918256634	0.7038968409224529	0.6697900699233703	0.3707701038074874	0.5849920799576457	0.5771675301781506	0.578775258153883	0.5449035038470625	0.5735273943337442	0.5473928022235256	0.5992860565058291	0.7086786889257439	0.5295420194410297	0.6253354763695773	0.5700178397857937	0.5360422039374314	0.5919407814490307	0.5827336215358613	0.6924672436055257	0.6905483350531468	0.6779834607009411	0.700546069574357	0.5337749322779843	0.6748653153090443	0.5287061460504024	0.6162690959699657	0.5829737169739923	0.5786115829170276
ec1356	0.6713247615679835	0.21978904951619602	0.5947032480986789	0.5869370787849514	0.5448828306532824	0.5738061702411601	0.3747860644166725	0.4648328407588067	0.4475116957354452	0.5154725949469667	0.0	0.17990276128118582	0.14807430090795337	0.17359876148550785	0.6925442447981207	0.43917701788718344	0.24166625112381618	0.2319115042309326	0.3116352797358802	0.5253101711861976	0.18780733443121503	0.33735729046081675	0.2752315126363713	0.3855865498101062	0.6007337959722657	0.29398403443997045	0.4245355019594006	0.40487496214745217	0.4431056007680907	0.3518858010694653	0.4136350521224395	0.40246711966570115	0.5905615459993411	0.8443984830942892	0.4359492510895215	0.3646376222764584	0.17249824377475112	0.432069373543051	0.4943750944592282	0.47122340961088177	0.2596797940216285	0.4763503394593933	0.5523239281539221	0.8042639097871084	0.525137897098659	0.5255767870659398	0.6070992816030831	0.19975251404898361	0.2005318197330808	0.5794036659623205	0.1659840467934562	0.19812377191154065	0.38202767880349336	0.7924772899198103	0.5275031701969211	0.5113987165141831	0.6036393734198129	0.25437854107528485	0.26885181458770974	0.19608667075388564	0.7511899459904738	0.7382333844764707	0.7513940439694828	0.6176488815120869	0.3444224119735965	0.74032318731648	0.5531052980094291	0.39771905069034535	0.5229665271672371	0.3328024908840992
ec1359	0.6420180383259598	0.2390816796252438	0.5694514648118117	0.5598069209251945	0.5766281238385897	0.543856701299758	0.3240423434534971	0.4726300343130912	0.3831489989095308	0.524846176861612	0.17990276128118582	0.0	0.25355565424073895	0.1956387285293839	0.6538938082173977	0.44266922199735875	0.25806698229935454	0.12118710668979327	0.3824809082312591	0.48452369133618844	0.2905407564764646	0.337493239424383	0.15347276271372293	0.3982949573771329	0.584294420355645	0.24506580271634099	0.43393093224788276	0.41873831384587495	0.4146005242728638	0.41152204916738416	0.45386526537876737	0.340641948999251	0.6139050835995566	0.8342002990748658	0.485330962580054	0.45360158050887983	0.24368236242730215	0.4794736344927207	0.5399654096248447	0.5468090527743971	0.313950803867252	0.5182372451386734	0.5885949333494714	0.7880244466136284	0.5429002059904785	0.5564366519399578	0.5623140064441742	0.3079533103366611	0.27512775320919636	0.5790719810844221	0.29108598387479023	0.2305961257236938	0.46939331185673777	0.7749482423729261	0.5062177947281932	0.4733357779603206	0.5690798244880801	0.3375275168169642	0.32475281810604073	0.2715739179105003	0.7457416042809555	0.7169645682011008	0.7368497048062874	0.6039206552189931	0.4077880747436045	0.7314439697280607	0.5549873917987753	0.44336794849329625	0.5505517930224515	0.42816612125241604
ec1361	0.6662923401501363	0.2686857505632656	0.5648388634394579	0.5625714147139455	0.5259370101019761	0.6019567825859968	0.4204456937471782	0.42236426456620835	0.44419897834265626	0.5492871978840326	0.14807430090795337	0.25355565424073895	0.0	0.13860683058195564	0.6853738558228144	0.4094659139989984	0.1982450089278856	0.24727727615689868	0.33719489869911196	0.48075173996457415	0.142379096957186	0.3819599170689988	0.2366485072469651	0.38788741441023705	0.6242479147884961	0.2568103639531897	0.4240185690996046	0.4033505823958492	0.4159184716166557	0.31710054849535846	0.43329079565130446	0.37231311589665106	0.5901717705855108	0.8427557708266747	0.4117082483652182	0.39347913004206114	0.16273246119777535	0.40319214618391264	0.496626277413688	0.4707864888637787	0.25147500614101026	0.45092528018167743	0.5315139266287484	0.8050530829608651	0.5203533235868903	0.5367681241365025	0.606852638831241	0.16061458281539295	0.24365117800840452	0.5614062108266054	0.11701010570766204	0.15125304281945182	0.40963479207523507	0.7849031184999753	0.5295664774528032	0.5110359641351933	0.5889265394921501	0.24976968301680616	0.30638869787005857	0.23817395829425875	0.7431120774114213	0.7396462973999687	0.7421076238333294	0.6315108628814792	0.34759719234444414	0.7314195820919067	0.5510878343562499	0.36621469599109474	0.5219236713031409	0.3620262591163395
ec1362	0.6762154046682615	0.19975457392012713	0.6025737016819327	0.5937078635399246	0.5547734338699767	0.606232783121787	0.38747496771116197	0.38842068810726627	0.4297844290311205	0.5334612077257841	0.17359876148550785	0.1956387285293839	0.13860683058195564	0.0	0.6835804678502114	0.3450304986026941	0.11075352768939066	0.24370699617694885	0.3470206492131162	0.4989888962528123	0.1496055736997256	0.3389352213915504	0.17507675554570565	0.362971984871598	0.6348682444677549	0.25213905287931065	0.3777521089128733	0.3659990566036191	0.4254941653512416	0.314525802102411	0.41147909131815924	0.3188189464604771	0.5537946815419409	0.8497798404940579	0.4108131652502781	0.4106734172556606	0.15392716384559987	0.3982645586410088	0.5110526644354252	0.49704086938563563	0.2501639975169255	0.460128996960557	0.5347238810247513	0.809965311309444	0.5641799938298883	0.5640838085859254	0.5904628034775239	0.15901540682174756	0.1908764794094786	0.5807377788011159	0.21224494761178753	0.12088209273058771	0.43299778771613334	0.792068114261242	0.5470751674207404	0.48701168285907026	0.5636358080783057	0.25693721730503405	0.26793432847871	0.18274420605501535	0.7489607699583476	0.7439788894928778	0.7543128282257568	0.6417149747156562	0.3552387281459288	0.7355622504947789	0.5580760623738809	0.35200590049140573	0.5396441289908536	0.3859066844674462
ec1368	0.4011247384406042	0.695765033657999	0.6530282206914589	0.5250167175589106	0.6663664096634571	0.6033101013581322	0.5937697819479089	0.5740424184114117	0.580106089469374	0.6001192923868361	0.6925442447981207	0.6538938082173977	0.6853738558228144	0.6835804678502114	0.0	0.6385781958686243	0.7091353559433659	0.6566229297717532	0.692272625511279	0.6282101307923014	0.7128673302244167	0.6193879617682342	0.6507542904144994	0.6836226284300115	0.41853173478667893	0.6849419722095148	0.6077004603492734	0.5776854968633601	0.6838034649337281	0.6874983179441511	0.5896329684715236	0.5918732361666648	0.7230206896911018	0.6489243440382174	0.6528652545755024	0.6107866267133663	0.7020540350530978	0.627283108849501	0.6192714168768598	0.6752060226220888	0.7125029719779508	0.5719509555059012	0.6629362078239577	0.4515025093998787	0.4827565245891565	0.6030266597292756	0.6215500198020264	0.7130551633024705	0.7168343918297853	0.5479013557248312	0.6992149716570862	0.6904398325130829	0.6152326372906107	0.5359483633087037	0.6030597085083188	0.6862288575253609	0.6681720002052688	0.6793315624574066	0.7208605886890024	0.7162748043569769	0.424689590351692	0.4047085696591416	0.5797030746859771	0.5289877306379055	0.6785825624719799	0.4345562859658606	0.5678437340692174	0.7259522595525125	0.6401728139436363	0.6235044855666202
ec1378	0.6797859601596093	0.4408889356899877	0.6771985703399686	0.5248992314859522	0.642199536947082	0.6880893034829492	0.32343553655364427	0.279121261167476	0.3512108140992616	0.5920500281587318	0.43917701788718344	0.44266922199735875	0.4094659139989984	0.3450304986026941	0.6385781958686243	0.0	0.31318755277284166	0.46757779675558925	0.4412539356508864	0.39202938301731244	0.34109744297508016	0.518754246177949	0.4272367941849485	0.5327830503606213	0.670187525100889	0.4069598225236789	0.21635993951341204	0.4806184855213409	0.447547720328551	0.4282369144887058	0.5155858403456803	0.48479759018642127	0.3696296534479082	0.8411107110373515	0.5114440673746279	0.2484644053116739	0.409452166357635	0.5045026497343159	0.39625751990990893	0.3504105884885103	0.4588807537104181	0.31886354436888115	0.408600980088866	0.7554591166279118	0.6532563736451027	0.6137686414784849	0.5743836503401232	0.34700635620211356	0.37332746553639884	0.4989904269401567	0.43959097138130365	0.38528197457651725	0.27631502094451316	0.7827642340325544	0.6178303002121681	0.5737737792870504	0.645516333103606	0.44595696432646315	0.4226238197748383	0.36843542968460924	0.6872160608040434	0.6723315092166486	0.7741229316616102	0.7111410341037228	0.47475469146078253	0.6475810798436802	0.5004791964161043	0.47312329942988385	0.6052480843050697	0.27818392622743354
ec1380	0.6900908144879948	0.267522357633364	0.6271118432874513	0.6138760513625108	0.5754487376409179	0.6417934171983524	0.43490266965683333	0.4102126970125335	0.46557646895321936	0.5687275376738777	0.24166625112381618	0.25806698229935454	0.1982450089278856	0.11075352768939066	0.7091353559433659	0.31318755277284166	0.0	0.3022521587198299	0.38365049994904526	0.5261153079421479	0.09560171994979987	0.3927421839006693	0.239022741269414	0.41229201004204313	0.6631719107544555	0.2073331093541663	0.3402452701564123	0.33020668536353415	0.3914194816331443	0.3768661609376088	0.38079862617574345	0.33842812734724376	0.5289287802904808	0.8491162352653038	0.3856103600613958	0.3793987525742156	0.18408206200199614	0.3781147642779953	0.5038232560994955	0.4689260993714736	0.28038537252123813	0.43361277685924954	0.5184954719221093	0.8074498740873733	0.5888835909370349	0.5960279846657537	0.5752574950118344	0.09398043420803286	0.11467863833630254	0.5902563737278127	0.24634243115929408	0.15050083842534628	0.39912115191027514	0.8028094251227954	0.5382218683497593	0.47418233022398987	0.5809798764167923	0.2637525331768881	0.2156954331329668	0.10876428850787168	0.7628735162678604	0.7391113024376347	0.7482953058090718	0.6662970750807578	0.31581274770586215	0.7317650504121651	0.5951579018793662	0.32625001344374827	0.5221492210788354	0.40237087599739724
ec1390	0.6342850880802215	0.273253870195711	0.5489528789173009	0.5395193272559741	0.5609154206287832	0.5411470489736043	0.3080496306325228	0.48815659554621144	0.3451047902990433	0.5135978716535521	0.2319115042309326	0.12118710668979327	0.24727727615689868	0.24370699617694885	0.6566229297717532	0.46757779675558925	0.3022521587198299	0.0	0.36595964277305204	0.47238335904933204	0.32274266206904045	0.3182908425500026	0.18120862009469182	0.38476748615399736	0.5923726703324026	0.29503635904368974	0.463334823335176	0.44570340002720427	0.4415726051685978	0.3932320529203183	0.4699130122133696	0.37162551850773246	0.6266020636115509	0.8323674943839144	0.46584080025716806	0.48538489217758773	0.2503438370740409	0.49395201529825233	0.5578504811759505	0.5609500131017376	0.3179449364116174	0.5315565013490118	0.597393036031025	0.7789276070848972	0.5377176761307629	0.5198211984717707	0.5828987242716674	0.33960471393981995	0.3221635058407865	0.5919726550636463	0.2949105049945418	0.23754270894984034	0.4959234386052254	0.7656732077495224	0.4881835987116236	0.4983690044559126	0.5831351216712262	0.3698206570677623	0.3621823599758392	0.31786390333861436	0.7356451195188294	0.7082067980138548	0.7299911740282284	0.601163474515856	0.43590295618746383	0.7209767806659411	0.5467805487170965	0.4612488995848942	0.5667720939913216	0.45428215613015377
ec1392	0.6470038175237229	0.3763087222187698	0.6184363000891658	0.5662226019262471	0.5792179849948299	0.5989851240886883	0.3931973616714216	0.46248144163644767	0.41138452775767803	0.4686635686257334	0.3116352797358802	0.3824809082312591	0.33719489869911196	0.3470206492131162	0.692272625511279	0.4412539356508864	0.38365049994904526	0.36595964277305204	0.0	0.5386486654903534	0.35144734505873887	0.42973659766518635	0.41892637085000306	0.4786620999989897	0.48936584932793387	0.4070051244715726	0.4517706332543234	0.507427011995466	0.23576531494296518	0.08287477359165835	0.5400630649857383	0.48678629757387876	0.6046734980908511	0.8294796855293446	0.47856181134020204	0.4376738043277837	0.40417093933529125	0.5064124161917181	0.5119440149192418	0.3182657453701568	0.44971988706835675	0.4727435676598902	0.54135457312691	0.7776876717282005	0.612122814427672	0.36875796450787046	0.6160090134353031	0.3512924858677778	0.4292209867396977	0.575254591093458	0.38479074179914435	0.3807597324056784	0.4550199156055183	0.7639586438793606	0.5612830882453788	0.5845727879898455	0.6386567149509751	0.4013862852447247	0.4641032279993543	0.42723250969421295	0.7169361528856022	0.7112165208578702	0.7484000969492706	0.6769886349634042	0.4711096621153493	0.7026062220521857	0.5907940674325668	0.48214220528446744	0.598780799938296	0.4108097558320983
ec1393	0.6773743509483737	0.5388049070587095	0.6454188823158616	0.5002374738592247	0.6506267063127501	0.6781116451950009	0.3849205258822326	0.4105853672805418	0.39526800560083586	0.6069948578857096	0.5253101711861976	0.48452369133618844	0.48075173996457415	0.4989888962528123	0.6282101307923014	0.39202938301731244	0.5261153079421479	0.47238335904933204	0.5386486654903534	0.0	0.5296891358798723	0.5813129772231953	0.4886529427459459	0.5726292905844653	0.6692015734387727	0.4835059476267901	0.41941401484147417	0.5821375133581157	0.5354267577025619	0.531198392525898	0.6003207263237699	0.5389222608852073	0.549886395005611	0.8295691929213851	0.6221759926886322	0.42930669454421694	0.48561718165056955	0.5986774415669993	0.4986701942857781	0.5030237513546577	0.5189059702963664	0.47705850809785155	0.537041248741837	0.7528857013566012	0.622700802239561	0.6240430200870458	0.6129177083152623	0.5366471766539821	0.5343029332436268	0.5399806331573342	0.488300467305628	0.47782909252086453	0.44118162217252344	0.7740691697360433	0.6358028915131101	0.555362101350626	0.6581166636903237	0.537862068506956	0.5303320067814451	0.5339434337936404	0.6848104365210586	0.6898124285915466	0.7627179288689115	0.6688579619642584	0.5778126129459843	0.667623825443317	0.5182649572113252	0.5973969868946368	0.6323637940593768	0.4078053279797791
ec1396	0.6759823486822218	0.29559954760792134	0.6030202151212808	0.5957658730966349	0.5459201171873893	0.6238007874354161	0.4510479874469333	0.42719428593506126	0.4831600478009603	0.5812441065543569	0.18780733443121503	0.2905407564764646	0.142379096957186	0.1496055736997256	0.7128673302244167	0.34109744297508016	0.09560171994979987	0.32274266206904045	0.35144734505873887	0.5296891358798723	0.0	0.40992344372389633	0.26479371223242076	0.4202774637456268	0.6464968770993581	0.16357933417243645	0.3676103731860205	0.350076059270351	0.3690164882364734	0.33839240013255134	0.3842276383255406	0.37407564924274045	0.5410345416432575	0.8390879485233418	0.35039515695322765	0.33062779397818515	0.22123207415709473	0.34024927073471833	0.4755852847495525	0.42705906608683214	0.30674415250479203	0.40800417884819545	0.4934112194907655	0.8003048217082038	0.5584959086957267	0.586948148977607	0.5840368819098751	0.03736942855783626	0.14988320952306086	0.5668402126675053	0.19793474126798075	0.20642610779518727	0.3609714304982396	0.7923694179239292	0.51556946635248	0.4936830231561703	0.5975257581389122	0.23658726060956475	0.23551390849330958	0.14448738905909025	0.7500012854269739	0.7295788279889498	0.7340976165269267	0.6657971074141206	0.2921746380763082	0.7197618268942128	0.5991146625510617	0.2961085515723957	0.4943778610862122	0.3545191696092762
ec1400	0.5610100690359784	0.3402289207877682	0.478131145018012	0.4967458264152159	0.4164146945266908	0.47032088561220875	0.40848985415287703	0.5395215869534895	0.4847025092676336	0.41576979383410834	0.33735729046081675	0.337493239424383	0.3819599170689988	0.3389352213915504	0.6193879617682342	0.518754246177949	0.3927421839006693	0.3182908425500026	0.42973659766518635	0.5813129772231953	0.40992344372389633	0.0	0.39445442054549235	0.38542374451150513	0.5553909274629724	0.4603818678543525	0.51920809275405	0.3223404465251803	0.5502425929812478	0.4596647934669213	0.31325023509008015	0.2269361692548225	0.6679715142447987	0.805944647637897	0.3463269887178192	0.5358813590920701	0.38289779581414146	0.3352157366150669	0.5660855613954051	0.6026470828930447	0.42845193944460397	0.49182121747415536	0.6329236710068478	0.7468128333064238	0.6282346129861608	0.4085825016369511	0.5281664060557197	0.423545978330693	0.4111201977037795	0.5318502012904089	0.41249445286020864	0.3713873214844676	0.5472427895322544	0.7347023255956163	0.437383743252989	0.5801758740825677	0.5247076214961095	0.44201356859288365	0.4426833256209202	0.4094922971041776	0.6959768395099424	0.662251475378638	0.6999599813817966	0.6698954031422135	0.45714261253393834	0.6671427250977117	0.4898266800052338	0.5010495984180203	0.4473286111723669	0.5123201290375907
ec1408	0.6404998992694363	0.30217658679307513	0.5877427474233815	0.575434748423582	0.5653091519347095	0.577813042186346	0.38134714052977375	0.4592427854817449	0.41345146387368226	0.5680974454612188	0.2752315126363713	0.15347276271372293	0.2366485072469651	0.17507675554570565	0.6507542904144994	0.4272367941849485	0.239022741269414	0.18120862009469182	0.41892637085000306	0.4886529427459459	0.26479371223242076	0.39445442054549235	0.0	0.3885537686941824	0.6074260165577656	0.24283870861390652	0.40286204751422194	0.43162789524775147	0.4037002358285562	0.39716356694293875	0.4599607942102382	0.32337327593169213	0.6028847189230274	0.8322671287778578	0.4500712845764886	0.46514422482036827	0.2617350348128228	0.4645985575630186	0.5490678945115106	0.5384115165738366	0.33074690569520726	0.4984838628852241	0.5806843079530534	0.7805187470187746	0.5433307795858243	0.5949373592550034	0.55023979279562	0.28809362284641127	0.2938606440808295	0.5723335525345671	0.305312319592186	0.2463889455633476	0.4834701432114305	0.7599416763034454	0.5092288856554178	0.4725233434257759	0.5527303260849675	0.3437879069870584	0.34227877802206563	0.2890598603611704	0.734440405593044	0.7108399832378379	0.730679473933287	0.6217128316802901	0.41970900352393486	0.7176940256177354	0.5581356048887247	0.4035308436951812	0.541731184450104	0.44228052431539033
ec1409	0.6627661989292075	0.42567682182817734	0.5596371298901434	0.5862243732161692	0.539961793844208	0.552176868545917	0.45661326909251954	0.5387235537716186	0.5219792489529418	0.5428595390695525	0.3855865498101062	0.3982949573771329	0.38788741441023705	0.362971984871598	0.6836226284300115	0.5327830503606213	0.41229201004204313	0.38476748615399736	0.4786620999989897	0.5726292905844653	0.4202774637456268	0.38542374451150513	0.3885537686941824	0.0	0.6458374065183817	0.4541149711445129	0.5007872356177687	0.45258909350206555	0.558575268543268	0.47114184255690816	0.4826547555146711	0.45993892689956023	0.6778924049263382	0.8370038832180416	0.4736676607501255	0.5375372836667703	0.3888894990124303	0.5176899082799514	0.5523391677599102	0.6058317711176048	0.43374339581404736	0.541481076807355	0.6378068100818137	0.7840810849833971	0.6083441497108519	0.5305026116621708	0.5697600473197825	0.4329134365430892	0.4120454176584287	0.619521333793858	0.41235418640512744	0.3771588143097655	0.541287711589144	0.7466588020896047	0.5530878355357346	0.5583682293762477	0.6148367475840854	0.4397235712024823	0.44375035051704914	0.4099688874384641	0.7401137478649205	0.7123683989769348	0.7410779207921032	0.671891823672164	0.3848137813823003	0.7173147788275116	0.581061957197127	0.4918348823193455	0.5575803544211858	0.512281372835706
ec1411	0.4028205856449904	0.6242237610054724	0.6389318783047498	0.5476855175749018	0.6327392254519686	0.6000396913854479	0.6046988095779717	0.6733287497628633	0.6205426264589797	0.5301784784335505	0.6007337959722657	0.584294420355645	0.6242479147884961	0.6348682444677549	0.41853173478667893	0.670187525100889	0.6631719107544555	0.5923726703324026	0.48936584932793387	0.6692015734387727	0.6464968770993581	0.5553909274629724	0.6074260165577656	0.6458374065183817	0.0	0.6214674104379698	0.6523692173833494	0.5534819263219131	0.5017367526122345	0.510885033942584	0.574964015108667	0.563972902484636	0.7685577491277535	0.6543691583335484	0.5740258598151589	0.6584336663906325	0.659178212252462	0.6062413500942316	0.6420491547472601	0.6005763504313292	0.6738721387105937	0.6113739474430554	0.7037599831105917	0.5633419280939509	0.4152976802667816	0.447601943685361	0.5996602733044805	0.6465625018081266	0.6757263898985334	0.5570187648134939	0.6440649118325404	0.6457542603991941	0.6496898409606382	0.5601437049055861	0.6000756388385862	0.6859135423703977	0.6286302790750491	0.6236949598412644	0.6819991577327635	0.6754003630357663	0.483502727262762	0.47184154759132624	0.5349773347783489	0.5170391971912419	0.6180535943323702	0.4726595425269098	0.6170650816145524	0.6425019665519199	0.6144717532280051	0.6417681427045278
ec1420	0.637388224896593	0.3651901033597376	0.5590347399602095	0.5307948896529904	0.5664116324579733	0.5758652565828439	0.4468629349796928	0.4555549566082276	0.436349076734492	0.5740415435472032	0.29398403443997045	0.24506580271634099	0.2568103639531897	0.25213905287931065	0.6849419722095148	0.4069598225236789	0.2073331093541663	0.29503635904368974	0.4070051244715726	0.4835059476267901	0.16357933417243645	0.4603818678543525	0.24283870861390652	0.4541149711445129	0.6214674104379698	0.0	0.4263610664594756	0.38831009059957117	0.3322336551853038	0.3891297575222201	0.43180906737703306	0.36035264935595857	0.5913299984985166	0.823475930746822	0.3929880437916797	0.4046767643402334	0.32123390999320817	0.3856776612869086	0.4984150784332764	0.4880341382808618	0.38658611560768635	0.4382598386771957	0.5252407140425422	0.7774701424938701	0.5428345210729973	0.5967361094975633	0.570024955714341	0.1714784665642821	0.2779502158919339	0.5660602306375482	0.2980398383608951	0.2901677076934651	0.43327859980346317	0.7749441545726902	0.47606989492158774	0.4645279210893504	0.5801126807958946	0.29354329424895736	0.3273049328711802	0.27427174937124127	0.7303392237760615	0.7075901358208444	0.7031912909524989	0.6473809860706651	0.3378388441388376	0.6980342915815521	0.6098579971091449	0.3487950689496755	0.5255498577344242	0.4245974060924888
ec1422	0.6712696503986253	0.4360318475697674	0.6694842293120702	0.5123955904826564	0.624174586180203	0.6705385649478606	0.30555932174560557	0.2742453744400805	0.35850968820122014	0.5828000795100968	0.4245355019594006	0.43393093224788276	0.4240185690996046	0.3777521089128733	0.6077004603492734	0.21635993951341204	0.3402452701564123	0.463334823335176	0.4517706332543234	0.41941401484147417	0.3676103731860205	0.51920809275405	0.40286204751422194	0.5007872356177687	0.6523692173833494	0.4263610664594756	0.0	0.4675518970628901	0.4620533934685377	0.44905604445282443	0.5103066946342528	0.49893577468962624	0.3879715584527347	0.834964968204756	0.5114403438421652	0.19928209521629545	0.39919040984758614	0.5233141408723707	0.37037449035579095	0.35056704260613786	0.44823538012790254	0.28806372542388503	0.3971349692301037	0.7305897541998388	0.6345800277196442	0.608337508617887	0.5452114091089403	0.3708541660513223	0.3552046919286715	0.4812878826860328	0.4309864153898706	0.37572114442329474	0.22397627199954157	0.7756656562499633	0.6048654563085746	0.5527897536746516	0.6448718532995683	0.44136334016684337	0.40635104911463077	0.35594658354867403	0.6825853385378944	0.6441084704626525	0.7729374961281384	0.6975537369958517	0.45782419948742004	0.6572058572698967	0.46773932196864176	0.4726635263802843	0.575929337892751	0.2493113393130435
ec1424	0.6032407892812707	0.4269045239220189	0.5190072435858222	0.46070370647326436	0.45816507737328666	0.5296760779788252	0.5321149309714416	0.4818772666557354	0.523921105004825	0.3822547671615638	0.40487496214745217	0.41873831384587495	0.4033505823958492	0.3659990566036191	0.5776854968633601	0.4806184855213409	0.33020668536353415	0.44570340002720427	0.507427011995466	0.5821375133581157	0.350076059270351	0.3223404465251803	0.43162789524775147	0.45258909350206555	0.5534819263219131	0.38831009059957117	0.4675518970628901	0.0	0.5105499308097787	0.5066072814025607	0.123879405941911	0.2959526935068694	0.6480607728139067	0.788793263208418	0.28395472987113524	0.4933159642745933	0.38561892323886326	0.31769184497344344	0.49180754691216316	0.5716144364246066	0.43709648842960025	0.4450872583793053	0.6030988137747143	0.7178357003994476	0.5976004621089747	0.42026182255086714	0.5043583587526022	0.34882330342279805	0.34713465333413984	0.4747477221739599	0.41128676326983354	0.3606299178404272	0.5020405754933277	0.7440691094505394	0.4089332276968992	0.501853056087311	0.4932841082880012	0.3526773904187728	0.38471497855176934	0.3449828824379688	0.6981034081886685	0.6831555019532884	0.6632699783961361	0.6665239206105199	0.31130369307051375	0.6626308989098914	0.5172155648150718	0.4528697863105775	0.4354730824534859	0.5006104508819802
ec1425	0.6521181074881969	0.49203776607419153	0.6170368587587087	0.5444116092041096	0.6329548861748063	0.6363452331450434	0.4769514776113995	0.5012912764924662	0.4756004452821094	0.5673162600749613	0.4431056007680907	0.4146005242728638	0.4159184716166557	0.4254941653512416	0.6838034649337281	0.447547720328551	0.3914194816331443	0.4415726051685978	0.23576531494296518	0.5354267577025619	0.3690164882364734	0.5502425929812478	0.4037002358285562	0.558575268543268	0.5017367526122345	0.3322336551853038	0.4620533934685377	0.5105499308097787	0.0	0.21510039257050148	0.5438769361404717	0.4727704697776219	0.609215078836197	0.8003503061781968	0.5111820297293496	0.44517888048685966	0.4674717969065074	0.5084212473955383	0.5268183791886786	0.3300873512177914	0.5048903239251038	0.47386937341301255	0.5466469400769828	0.7689020658008874	0.6081391013209678	0.4849198522452349	0.548200868730933	0.3652075845551678	0.4405656896762483	0.5463369421831289	0.4453407062541417	0.4453393355649845	0.4636506147653897	0.7587567133493145	0.5374528242755806	0.5428034422141413	0.6347084622474028	0.44793975317098034	0.46685379935043997	0.4391496182780926	0.7201211471466443	0.6991272171350073	0.7383388364971019	0.6909453269827999	0.4747187070697351	0.696821325945011	0.6147096885059317	0.48447232055054923	0.5937341023866344	0.45714793127404063
