	ec1441	ec1449	ec1450	ec1460	ec1468	ec1489	ec1490	ec1492	ec1497	ec1498	ec1500	ec1503	ec1505	ec1508	ec1510	ec1511	ec1514	ec1521	ec1524	ec1525	ec1526	ec1529	ec1530	ec1534	eti146	eti147	eti149	eti153	eti154	eti156	eti161	eti164	eti165	eti166	eti167
ec1441	0.0	0.98	1.0	0.872	1.0	1.0	0.998	0.998	0.998	0.958	1.0	1.0	0.994	0.968	0.988	0.966	1.0	0.988	1.0	1.0	0.996	1.0	0.89	1.0	1.0	1.0	0.956	1.0	0.994	0.976	1.0	0.984	0.984	0.998	1.0
ec1449	0.98	0.0	1.0	1.0	1.0	0.982	0.984	0.996	0.982	0.996	0.996	0.986	0.976	0.99	0.99	0.988	0.998	0.986	1.0	0.994	0.984	0.982	0.978	0.982	1.0	0.982	0.998	1.0	0.992	0.986	0.98	0.976	0.996	0.986	0.982
ec1450	1.0	1.0	0.0	1.0	1.0	0.628	1.0	1.0	0.696	1.0	0.998	1.0	1.0	1.0	1.0	1.0	1.0	1.0	1.0	1.0	1.0	0.938	1.0	1.0	1.0	1.0	1.0	1.0	1.0	1.0	1.0	1.0	1.0	0.998	0.878
ec1460	0.872	1.0	1.0	0.0	0.944	0.938	0.906	0.916	0.984	0.982	0.752	0.944	0.796	0.934	0.964	0.882	0.936	0.67	0.98	0.642	0.99	0.842	0.902	0.914	0.734	0.82	0.978	0.618	0.88	0.966	0.812	0.976	0.624	0.978	0.892
ec1468	1.0	1.0	1.0	0.944	0.0	0.924	0.814	0.688	0.998	0.996	0.852	0.976	0.978	0.774	0.882	0.662	0.746	0.976	0.678	0.932	0.996	0.922	0.956	0.896	0.714	0.966	0.992	0.886	0.73	1.0	0.95	0.984	0.834	0.992	0.918
ec1489	1.0	0.982	0.628	0.938	0.924	0.0	0.688	0.8	0.558	0.996	0.744	0.874	0.91	0.754	0.938	0.848	0.728	0.926	0.798	0.898	0.87	0.674	0.866	0.728	0.674	0.698	0.992	0.91	0.714	0.978	0.762	0.868	0.722	0.89	0.632
ec1490	0.998	0.984	1.0	0.906	0.814	0.688	0.0	0.728	0.878	0.992	0.704	0.804	0.872	0.87	0.912	0.862	0.75	0.672	0.844	0.852	0.894	0.732	0.844	0.734	0.552	0.56	0.992	0.828	0.638	0.96	0.732	0.798	0.56	0.894	0.718
ec1492	0.998	0.996	1.0	0.916	0.688	0.8	0.728	0.0	0.978	0.992	0.744	0.886	0.934	0.746	0.858	0.678	0.638	0.9	0.744	0.924	0.976	0.916	0.914	0.808	0.66	0.876	0.998	0.672	0.612	0.994	0.89	0.888	0.738	0.97	0.878
ec1497	0.998	0.982	0.696	0.984	0.998	0.558	0.878	0.978	0.0	0.994	0.894	0.768	0.866	0.994	0.904	0.992	0.962	0.99	0.998	0.962	0.736	0.708	0.928	0.794	0.906	0.71	0.998	0.972	0.888	0.89	0.586	0.78	0.898	0.56	0.59
ec1498	0.958	0.996	1.0	0.982	0.996	0.996	0.992	0.992	0.994	0.0	0.992	0.984	0.996	0.994	0.976	0.98	0.99	1.0	0.998	0.992	0.994	0.992	0.856	0.992	0.994	0.992	0.96	0.994	0.992	0.86	0.996	0.97	0.984	0.968	0.99
ec1500	1.0	0.996	0.998	0.752	0.852	0.744	0.704	0.744	0.894	0.992	0.0	0.586	0.766	0.83	0.906	0.792	0.618	0.768	0.85	0.732	0.698	0.65	0.866	0.484	0.552	0.658	0.992	0.708	0.346	0.994	0.652	0.84	0.4	0.618	0.558
ec1503	1.0	0.986	1.0	0.944	0.976	0.874	0.804	0.886	0.768	0.984	0.586	0.0	0.844	0.946	0.938	0.936	0.908	0.948	0.982	0.946	0.654	0.758	0.894	0.488	0.798	0.684	0.994	0.898	0.548	0.896	0.676	0.72	0.72	0.402	0.642
ec1505	0.994	0.976	1.0	0.796	0.978	0.91	0.872	0.934	0.866	0.996	0.766	0.844	0.0	0.954	0.962	0.904	0.932	0.762	0.99	0.782	0.956	0.846	0.942	0.906	0.75	0.666	0.992	0.752	0.884	0.868	0.656	0.798	0.748	0.954	0.882
ec1508	0.968	0.99	1.0	0.934	0.774	0.754	0.87	0.746	0.994	0.994	0.83	0.946	0.954	0.0	0.922	0.618	0.646	0.95	0.512	0.908	0.988	0.876	0.924	0.85	0.668	0.92	0.988	0.9	0.676	0.996	0.944	0.974	0.808	0.992	0.904
ec1510	0.988	0.99	1.0	0.964	0.882	0.938	0.912	0.858	0.904	0.976	0.906	0.938	0.962	0.922	0.0	0.872	0.896	0.97	0.906	0.948	0.702	0.942	0.938	0.802	0.914	0.946	0.998	0.924	0.886	0.974	0.91	0.948	0.914	0.9	0.936
ec1511	0.966	0.988	1.0	0.882	0.662	0.848	0.862	0.678	0.992	0.98	0.792	0.936	0.904	0.618	0.872	0.0	0.708	0.892	0.632	0.858	0.992	0.856	0.924	0.854	0.622	0.89	0.988	0.826	0.698	0.992	0.884	0.96	0.762	0.992	0.924
ec1514	1.0	0.998	1.0	0.936	0.746	0.728	0.75	0.638	0.962	0.99	0.618	0.908	0.932	0.646	0.896	0.708	0.0	0.944	0.652	0.912	0.96	0.898	0.896	0.786	0.682	0.908	0.992	0.856	0.574	0.996	0.892	0.914	0.746	0.96	0.854
ec1521	0.988	0.986	1.0	0.67	0.976	0.926	0.672	0.9	0.99	1.0	0.768	0.948	0.762	0.95	0.97	0.892	0.944	0.0	0.988	0.416	0.998	0.864	0.946	0.972	0.652	0.632	0.992	0.368	0.872	1.0	0.772	0.88	0.582	0.992	0.938
ec1524	1.0	1.0	1.0	0.98	0.678	0.798	0.844	0.744	0.998	0.998	0.85	0.982	0.99	0.512	0.906	0.632	0.652	0.988	0.0	0.956	0.998	0.954	0.946	0.934	0.608	0.978	0.998	0.93	0.68	1.0	0.962	0.99	0.818	0.996	0.94
ec1525	1.0	0.994	1.0	0.642	0.932	0.898	0.852	0.924	0.962	0.992	0.732	0.946	0.782	0.908	0.948	0.858	0.912	0.416	0.956	0.0	0.972	0.768	0.944	0.894	0.718	0.744	0.992	0.336	0.864	0.992	0.772	0.954	0.572	0.97	0.886
ec1526	0.996	0.984	1.0	0.99	0.996	0.87	0.894	0.976	0.736	0.994	0.698	0.654	0.956	0.988	0.702	0.992	0.96	0.998	0.998	0.972	0.0	0.746	0.932	0.49	0.908	0.774	1.0	0.972	0.688	0.972	0.718	0.856	0.774	0.612	0.628
ec1529	1.0	0.982	0.938	0.842	0.922	0.674	0.732	0.916	0.708	0.992	0.65	0.758	0.846	0.876	0.942	0.856	0.898	0.864	0.954	0.768	0.746	0.0	0.894	0.63	0.736	0.542	0.992	0.832	0.708	0.97	0.594	0.84	0.626	0.802	0.428
ec1530	0.89	0.978	1.0	0.902	0.956	0.866	0.844	0.914	0.928	0.856	0.866	0.894	0.942	0.924	0.938	0.924	0.896	0.946	0.946	0.944	0.932	0.894	0.0	0.884	0.856	0.874	0.958	0.924	0.852	0.96	0.882	0.872	0.832	0.924	0.894
ec1534	1.0	0.982	1.0	0.914	0.896	0.728	0.734	0.808	0.794	0.992	0.484	0.488	0.906	0.85	0.802	0.854	0.786	0.972	0.934	0.894	0.49	0.63	0.884	0.0	0.746	0.666	0.992	0.918	0.534	0.936	0.696	0.806	0.68	0.634	0.518
eti146	1.0	1.0	1.0	0.734	0.714	0.674	0.552	0.66	0.906	0.994	0.552	0.798	0.75	0.668	0.914	0.622	0.682	0.652	0.608	0.718	0.908	0.736	0.856	0.746	0.0	0.564	0.992	0.644	0.56	0.998	0.646	0.83	0.464	0.904	0.776
eti147	1.0	0.982	1.0	0.82	0.966	0.698	0.56	0.876	0.71	0.992	0.658	0.684	0.666	0.92	0.946	0.89	0.908	0.632	0.978	0.744	0.774	0.542	0.874	0.666	0.564	0.0	0.992	0.752	0.684	0.812	0.354	0.562	0.558	0.78	0.646
eti149	0.956	0.998	1.0	0.978	0.992	0.992	0.992	0.998	0.998	0.96	0.992	0.994	0.992	0.988	0.998	0.988	0.992	0.992	0.998	0.992	1.0	0.992	0.958	0.992	0.992	0.992	0.0	0.992	0.992	0.974	0.992	0.984	0.986	0.992	0.992
eti153	1.0	1.0	1.0	0.618	0.886	0.91	0.828	0.672	0.972	0.994	0.708	0.898	0.752	0.9	0.924	0.826	0.856	0.368	0.93	0.336	0.972	0.832	0.924	0.918	0.644	0.752	0.992	0.0	0.782	0.998	0.752	0.894	0.552	0.968	0.894
eti154	0.994	0.992	1.0	0.88	0.73	0.714	0.638	0.612	0.888	0.992	0.346	0.548	0.884	0.676	0.886	0.698	0.574	0.872	0.68	0.864	0.688	0.708	0.852	0.534	0.56	0.684	0.992	0.782	0.0	0.984	0.672	0.794	0.464	0.598	0.546
eti156	0.976	0.986	1.0	0.966	1.0	0.978	0.96	0.994	0.89	0.86	0.994	0.896	0.868	0.996	0.974	0.992	0.996	1.0	1.0	0.992	0.972	0.97	0.96	0.936	0.998	0.812	0.974	0.998	0.984	0.0	0.752	0.55	0.99	0.954	0.95
eti161	1.0	0.98	1.0	0.812	0.95	0.762	0.732	0.89	0.586	0.996	0.652	0.676	0.656	0.944	0.91	0.884	0.892	0.772	0.962	0.772	0.718	0.594	0.882	0.696	0.646	0.354	0.992	0.752	0.672	0.752	0.0	0.564	0.582	0.678	0.606
eti164	0.984	0.976	1.0	0.976	0.984	0.868	0.798	0.888	0.78	0.97	0.84	0.72	0.798	0.974	0.948	0.96	0.914	0.88	0.99	0.954	0.856	0.84	0.872	0.806	0.83	0.562	0.984	0.894	0.794	0.55	0.564	0.0	0.794	0.808	0.808
eti165	0.984	0.996	1.0	0.624	0.834	0.722	0.56	0.738	0.898	0.984	0.4	0.72	0.748	0.808	0.914	0.762	0.746	0.582	0.818	0.572	0.774	0.626	0.832	0.68	0.464	0.558	0.986	0.552	0.464	0.99	0.582	0.794	0.0	0.77	0.634
eti166	0.998	0.986	0.998	0.978	0.992	0.89	0.894	0.97	0.56	0.968	0.618	0.402	0.954	0.992	0.9	0.992	0.96	0.992	0.996	0.97	0.612	0.802	0.924	0.634	0.904	0.78	0.992	0.968	0.598	0.954	0.678	0.808	0.77	0.0	0.65
eti167	1.0	0.982	0.878	0.892	0.918	0.632	0.718	0.878	0.59	0.99	0.558	0.642	0.882	0.904	0.936	0.924	0.854	0.938	0.94	0.886	0.628	0.428	0.894	0.518	0.776	0.646	0.992	0.894	0.546	0.95	0.606	0.808	0.634	0.65	0.0
