	ec1441	ec1442	ec1444	ec1445	ec1446	ec1449	ec1450	ec1452	ec1453	ec1454	ec1455	ec1457	ec1460	ec1461	ec1462	ec1463	ec1468	ec1469	ec1470	ec1471	ec1479	ec1489	ec1490	ec1492	ec1493	ec1495	ec1497	ec1498	ec1499	ec1500	ec1501	ec1502	ec1503	ec1505	ec1507	ec1508	ec1509	ec1510	ec1511	ec1513	ec1514	ec1515	ec1516	ec1517	ec1518	ec1521	ec1524	ec1525	ec1526	ec1529	ec1533	ec1534	eti145	eti146	eti147	eti149	eti151	eti152	eti153	eti154	eti156	eti160	eti161	eti162	eti164	eti165	eti166	eti167
ec1441	0.0	1.2397515486833899	0.608373871034205	1.1690416949144475	1.1205768995277325	0.37963417191940557	1.2381002953450864	0.650314315601009	0.6667404928205387	0.6688398482240626	0.6512697524782768	0.6510602894131349	0.3654967509279232	0.6301651293823611	0.6815810804395541	0.6573676638459046	0.6205909653607594	0.5789433238242155	0.6414215318772959	0.5831221764945587	0.5859817437546204	0.8080201276547212	0.6613646532893532	0.6479622221780121	0.5880979156222422	0.563635290881802	0.7403076074210293	0.3966592192897868	0.6264823038287177	0.6656177147489708	0.6142931206055212	0.5688074088522864	0.6397308091219234	0.6853822456390886	0.6741955347620734	0.6303042388338345	0.5958414790252393	0.611929837282505	0.6093963819669874	0.6702923114289744	0.666193766924017	0.6655026684371097	1.0742980661739008	0.6446714548907033	0.6178539825046643	0.6574087010440495	0.6722542682017225	0.6650471317391169	0.7894834444914341	0.6200425886863324	0.651087442057177	0.6615001317261845	0.6650097051167226	0.656209940994603	0.6636779990328577	1.150841829979918	0.5532954681333986	0.5160182730536479	0.6562736980082194	0.6561410897012941	0.5864719029594044	0.6265817163020195	0.6392479922222191	0.9224270974408849	0.6224507057782217	0.6631911048108597	0.6034097980124973	0.6438958052805541
ec1442	1.2397515486833899	0.0	1.2549535003585617	0.12573623317994953	0.13573351724923685	1.22751066031088	0.006409942735496609	1.2710842585280688	1.2730245468908346	1.2714948408537419	1.2649555944016813	1.2708552366345272	1.2617065506578147	1.256895991547452	1.283648597173271	1.2677838767356717	1.2318824868368374	1.2072282287768652	1.2603516011625324	1.181023750993545	1.1695080352282408	0.7985204137697677	1.2694240273048312	1.2611619306858364	1.2464030037335896	1.1685795672600274	0.8221902524488209	1.248466870283485	1.2616243753420846	1.2720947545093306	1.2430460954180205	1.2554412550253162	1.2616677737195983	1.2887337513630974	1.2276537215200403	1.2703942543608167	1.2068922002921818	1.1371856529615196	1.2540067610013692	1.2782700280867823	1.273051072987949	1.2742134371040983	0.2835702345968523	1.2587786080342824	1.2471231420778146	1.267427364060693	1.2770705197746999	1.2695427626421112	1.0943032179898706	1.1969609837281134	1.2693051440257799	1.2223215859216459	1.2710662181931016	1.2674901818877449	1.2733237788011031	0.5088609844984144	1.1916565780253305	1.2478262233801913	1.2668379068310882	1.2724023074916497	1.2384523664759814	1.2422977570976743	1.2615220024345082	0.5530635398490398	1.2449164351633066	1.2711414199928828	1.2270482015393074	1.1209636898861155
ec1444	0.608373871034205	1.2549535003585617	0.0	1.1296354238862858	1.160651700255649	0.487263565489558	1.2533454539119258	0.13507606874451805	0.16963633449302706	0.17978361361702483	0.14112941686856564	0.11095839020882772	0.3159305536225636	0.1534809425688195	0.18603342519552274	0.16900383147101442	0.2709659097638887	0.3480428468677604	0.10575735095841227	0.45310801342018975	0.5130049798928409	0.4674323093940973	0.17086988649650167	0.14527626129176124	0.08106383435456316	0.37536287645259087	0.4638347844470997	0.47307208671089385	0.1331775614795599	0.16993851413356645	0.10183872967913861	0.14917449337892502	0.1162781599303703	0.18400586310400616	0.23077972133646266	0.15471844865351894	0.3141274961292112	0.4920203167482948	0.12395568207408729	0.15803431832039425	0.17287441644233859	0.17799516414973326	0.9864389302537238	0.15205241920330537	0.14182870786356502	0.1747661997947557	0.1886933730380639	0.1806224191750906	0.5016121542031786	0.20230682498827118	0.1502756009144227	0.20797775058422083	0.16335787111245667	0.15312632793026415	0.15063110429040336	1.1927150841359258	0.43032225184006023	0.3213573352245894	0.1670411216564205	0.16189780267467485	0.19649618162011295	0.0674470587750582	0.08875859791633793	0.7211618154235949	0.13152491065454108	0.17298502460227258	0.11992548467124405	0.23070895426177962
ec1445	1.1690416949144475	0.12573623317994953	1.1296354238862858	0.0	0.07148985991847172	1.1536787244501165	0.12537696659036257	1.1457661822157927	1.1488116814246345	1.1472537137621064	1.1412218437903239	1.1455658452299846	1.1398278037742324	1.1315923297748771	1.158330520780995	1.1424658004233958	1.1101474031976915	1.081910152424589	1.1350335246902565	1.1180291788588395	1.1080398995341816	0.6731202415726396	1.1441059509925553	1.1382440730506658	1.1210849272613135	1.0448888725126735	0.6965939216738439	1.170124188093978	1.1397741170588476	1.1478550074390705	1.1177280189457448	1.132913956829667	1.1363641121070236	1.1634156764708217	1.1023356450477642	1.1488472161351586	1.0815741244799062	1.0150459421974807	1.1320702234219568	1.1529519517345064	1.150062260576054	1.1521470738328523	0.16152662174277904	1.1370868344427523	1.1226938530067827	1.144488951441206	1.1554218858312577	1.1464684757287582	0.9690138265853283	1.0718290093011626	1.1445240080900325	1.09700350944937	1.1457481417808255	1.1437402245653452	1.148005702328827	0.4374933432962966	1.1097304854348793	1.1233133464612293	1.1446140427628035	1.1474657146801637	1.1131773477677098	1.1169940953650996	1.1362039259622325	0.4273437981248604	1.1195983588510308	1.1471180616615981	1.1017445397667327	0.9956456134338394
ec1446	1.1205768995277325	0.13573351724923685	1.160651700255649	0.07148985991847172	0.0	1.107837715911897	0.13461245026627497	1.182775921233955	1.1932717943359705	1.1931006442275423	1.1869725864873126	1.1868792187393233	1.1443532145416953	1.1698949760839104	1.2069410105532392	1.187484503237272	1.1525620564117895	1.1148657989107849	1.1778655140795045	1.1022829478762084	1.0953421052226477	0.7190604667308748	1.1890520499390655	1.1822751825232904	1.157400567043856	1.0876226471020942	0.742204356323028	1.1247560162717238	1.1668008686582305	1.1911451780829136	1.1533935699160491	1.1589636988559822	1.1766557271481466	1.2094461327120603	1.1498639785825424	1.1712638042552845	1.1266097765409588	1.042112449807833	1.1556302663319806	1.1983326518634363	1.1955820283435339	1.194420587147711	0.19962178643578493	1.1788314746339397	1.1640690625588337	1.1876420958122336	1.199602577403102	1.1920737179976966	1.0143658417665251	1.1177079846719535	1.18019674246375	1.143520379917977	1.193254984965094	1.1899204957441034	1.1933864025777574	0.39977258737596333	1.0912488353177456	1.1387726436732943	1.187157887692936	1.1924568839447236	1.1354870227728475	1.1606228969879329	1.1777218335110353	0.4732282681308462	1.159975649192464	1.1895926894809452	1.1395407733294984	1.0417106908099563
ec1449	0.37963417191940557	1.22751066031088	0.487263565489558	1.1536787244501165	1.107837715911897	0.0	1.2258594069725763	0.5442501220188588	0.5663486629418639	0.5692487564783881	0.5468267653655654	0.5372710453108664	0.3309288578439218	0.5603234810139742	0.5876494243908627	0.5586635024368832	0.5213991903034211	0.4542724035563454	0.5298327870142309	0.46219454174703983	0.48094643100886636	0.7962348442617048	0.5600073417392131	0.5451096309877455	0.4858908761628404	0.442328519145477	0.714958057252975	0.36865011127215974	0.5204517916416161	0.5657148510091846	0.49617628142781417	0.46262303200125154	0.5295935723214018	0.5842322387930045	0.6290034328667159	0.5336551808401022	0.47105429800959553	0.5878869994242686	0.5082149601918811	0.5660955523482912	0.564151597991358	0.5643709447731182	1.0678261949153733	0.5442018432641755	0.5408842580403024	0.557292967188169	0.5707899702696044	0.5677328077280679	0.7387471290296297	0.6022375461474629	0.5460248304860243	0.6125934182920338	0.5629385816562663	0.5537336341808932	0.5590603253454139	1.1470536828700992	0.4413424478718144	0.3751881389908534	0.5530075719541074	0.5538660963080979	0.47178032765690364	0.526056451365281	0.5217968313934204	0.9142225055374408	0.5032055700711361	0.5636897837439777	0.49186282966653677	0.6309625063898898
ec1450	1.2381002953450864	0.006409942735496609	1.2533454539119258	0.12537696659036257	0.13461245026627497	1.2258594069725763	0.0	1.269476212081433	1.2714165004441988	1.2698435875154381	1.2633043410633775	1.2692471901878914	1.260098504211179	1.2555282491997233	1.282644663137064	1.2661758302890362	1.2305147444891087	1.2055769754385615	1.258743554715897	1.1794157045469096	1.1687667076079316	0.7970555916134895	1.2677727739665272	1.2597941883381074	1.244751750395286	1.1669283139217235	0.8201295772538475	1.2468588238368492	1.260016328895449	1.2707270121616019	1.2414380489713848	1.2538332085786807	1.2600597272729626	1.2870824980247935	1.2262081217152103	1.2687430010225131	1.2052841538455463	1.1355776065148842	1.2523555076630655	1.2766619816401468	1.2716833306402202	1.2728456947563696	0.28014716115166094	1.2571705615876465	1.2454718887395106	1.265776110722389	1.2757027774269711	1.2681750202943824	1.0926951715432351	1.1955932413803847	1.2676538906874761	1.2206703325833423	1.2694581717464661	1.266122439540016	1.2717157323544677	0.5072529380517791	1.1900485315786948	1.2461749700418876	1.2654701644833595	1.270794261045014	1.2368443200293457	1.2406897106510386	1.2599139559878725	0.5503397554161078	1.243265181825003	1.2697736776451538	1.225440155092672	1.1195959475183868
ec1452	0.650314315601009	1.2710842585280688	0.13507606874451805	1.1457661822157927	1.182775921233955	0.5442501220188588	1.269476212081433	0.0	0.056270633193344986	0.05992188540790505	0.04807882965321595	0.1131806211353387	0.37606427166562534	0.06701602297427497	0.059970613072036466	0.1318146149657174	0.28658120219903477	0.4341681315025453	0.06757436504479582	0.5045302923833751	0.5287919193334549	0.48433873208997164	0.05688970674645792	0.06586626325661775	0.1742360182365528	0.4299691295826067	0.5533735718508445	0.5522411577867621	0.12082463218554339	0.048625522881471345	0.15954856285844082	0.18922429367686638	0.07094863322549536	0.05994262504315157	0.1431734402607967	0.07643089889500208	0.40203891103856226	0.5552576618875943	0.10260880203878865	0.03654967647345708	0.055729793599187206	0.06974124385295566	1.0038251959596907	0.11120204050813996	0.11311157408072964	0.05587746787021322	0.07722515678421288	0.06283266347483049	0.5474218042579684	0.088187875902463	0.042735818799858466	0.17504037250632154	0.04899710660678715	0.05048260436053028	0.035399607651768084	1.2234550264105268	0.5007068654159309	0.38006309225758156	0.05081573524983663	0.04706491562505483	0.2688055401000604	0.13450447615300254	0.062300138313932184	0.7404966689416816	0.18180616139769853	0.057674752370494936	0.2051631936243495	0.15886172225365008
ec1453	0.6667404928205387	1.2730245468908346	0.16963633449302706	1.1488116814246345	1.1932717943359705	0.5663486629418639	1.2714165004441988	0.056270633193344986	0.0	0.029787845868295755	0.06288060509315986	0.147240427823372	0.39469107041051743	0.0908832491367233	0.04950073636274614	0.13767606105366856	0.26932129307960595	0.4661570438005197	0.09461377051250708	0.5224411983849883	0.5281705872986842	0.4885812911216255	0.02001700643283195	0.06707173679663228	0.21253140915372118	0.4431301472758132	0.5857768204193987	0.5823632199210405	0.11606346543744951	0.018535522798785495	0.19366508583765082	0.20004742674084366	0.09800147898345649	0.0479185929520531	0.14859503365701215	0.07346403029249293	0.4310829790372259	0.5691624787688436	0.1062025588724656	0.03938633352022451	0.023503821871931323	0.032528205010053726	1.0088312669876747	0.10046997254772404	0.10773497766370704	0.032404587999139076	0.03218219181201222	0.03281784920368236	0.5675412256090967	0.09199319574902554	0.030684014829387648	0.19466086071604852	0.015292923889882086	0.04189597346494583	0.0330961257494146	1.238308064923889	0.5195214990845225	0.41010806523265436	0.04301816464216215	0.01910224061425729	0.310316391758807	0.17276576249941356	0.10433930037161968	0.7367629229899646	0.2154617888935947	0.022782701453858394	0.23845047116957702	0.1847854044467119
ec1454	0.6688398482240626	1.2714948408537419	0.17978361361702483	1.1472537137621064	1.1931006442275423	0.5692487564783881	1.2698435875154381	0.05992188540790505	0.029787845868295755	0.0	0.05924107770399175	0.1527125613924117	0.3951344757074372	0.09839289454997391	0.04209016620638076	0.13892614360565816	0.2862071350177914	0.4680438534625124	0.09821873542611861	0.5241476996867366	0.5252613702189255	0.49642584713698834	0.025611050676014508	0.07541289234398874	0.2196822583147879	0.44612251798992075	0.592097756690297	0.5844732247596687	0.1371269459471867	0.02023457013002196	0.19198894291548063	0.2106173305633015	0.10336602680270363	0.03989028287953495	0.15576739208969337	0.09287760383293595	0.4338443664839555	0.5744572908135726	0.11903308817231775	0.042501057033477674	0.03889871934961608	0.054421555189198584	1.0110543230202313	0.12097057305389113	0.12718032566246332	0.016550688996197674	0.04763596672651032	0.01400849484305694	0.574599865327711	0.10285731236404251	0.04762509819490776	0.20257006944433065	0.029857958105577034	0.05659152668722219	0.0367588693959017	1.2394602349224582	0.5233193407574708	0.4136906629254568	0.0287510293208763	0.03997418410786003	0.318059038181046	0.17865560151492108	0.1090636171942807	0.7449849700034157	0.22242705484315567	0.022777824570475558	0.2461454889501105	0.1916091530921791
ec1455	0.6512697524782768	1.2649555944016813	0.14112941686856564	1.1412218437903239	1.1869725864873126	0.5468267653655654	1.2633043410633775	0.04807882965321595	0.06288060509315986	0.05924107770399175	0.0	0.1061093578102414	0.3574723011950401	0.07627088496060151	0.08456310420258975	0.13247428132241168	0.27816062536203223	0.42235496454210153	0.05376407587642828	0.4789997176953748	0.5237095529791018	0.48536020213904374	0.05882444147309389	0.03939964893396133	0.17332238831861316	0.3994182486124455	0.5490843579037384	0.5395670170546818	0.10178639203159047	0.053898839004470483	0.14634939216642395	0.18452043734683166	0.060711728709803625	0.08297188133340562	0.1464070641610961	0.06722572754973923	0.3871597482870765	0.5316786904473018	0.08187536787285031	0.06790224687071392	0.05227774578554528	0.07093653400200993	1.002210401505566	0.0949701067229114	0.0840116912473247	0.054399990286074666	0.07880057755078887	0.06052583962380686	0.5280785907048715	0.10749116275228236	0.05236393028787466	0.1693511132494304	0.05479146737929068	0.03839346757237766	0.05478659313307516	1.2309726992914094	0.47801073068755684	0.38600384683471634	0.04816356147694424	0.056443712797923075	0.2730801581424907	0.13459494693647484	0.07848284886047108	0.7359480503657295	0.17532614950570796	0.060328593417782905	0.19965281375263058	0.17603771940292612
ec1457	0.6510602894131349	1.2708552366345272	0.11095839020882772	1.1455658452299846	1.1868792187393233	0.5372710453108664	1.2692471901878914	0.1131806211353387	0.147240427823372	0.1527125613924117	0.1061093578102414	0.0	0.35413363302624756	0.11862374539344028	0.13232493839173343	0.14031298676512624	0.2923092850498731	0.35873024905096806	0.07345136370751086	0.434062888596096	0.5295780704471087	0.4918164392256471	0.14733986720663872	0.1177957120975274	0.13094808415500123	0.34716360774329424	0.5199018992865159	0.4783295576020134	0.1201108457569623	0.14360933606733264	0.09062180229167902	0.19684364877247265	0.06840929631957895	0.12822769651026253	0.20769028395299632	0.14654268372093765	0.32361668418005857	0.47673375830273435	0.10877569858386536	0.12131548174172056	0.14760428344351761	0.15885462556893284	1.009180122227439	0.13252505946446214	0.11620958265895485	0.14495756814028155	0.16587881813546823	0.1535204861256784	0.4918797125718909	0.17629972648218512	0.12931350733440786	0.18204822385888816	0.13934459876531033	0.13172106990012547	0.1204882114777755	1.229860628181279	0.42041084093882725	0.37596527925406975	0.1413244501514069	0.13951784799401093	0.1899447953859974	0.07151367856712086	0.0776879718275764	0.7445043936929046	0.10310991977762045	0.14877567479904474	0.13039074234546244	0.20093877469268454
ec1460	0.3654967509279232	1.2617065506578147	0.3159305536225636	1.1398278037742324	1.1443532145416953	0.3309288578439218	1.260098504211179	0.37606427166562534	0.39469107041051743	0.3951344757074372	0.3574723011950401	0.35413363302624756	0.0	0.3778269949549972	0.41618494827295	0.3862503422428646	0.35835298712059377	0.40608623582427944	0.34605178599166997	0.4779569522150793	0.5203556857817695	0.6326047914488913	0.38773939741771507	0.3508083520866601	0.3026047424116667	0.3841352676333108	0.5461961123782358	0.3338505756111469	0.33173519888619996	0.3908577794900603	0.30874694305286776	0.2851580634388323	0.3339027462579832	0.4143141330364961	0.45640897005349984	0.35630608332710473	0.3886917790581916	0.5093091905286959	0.3156658011556976	0.3985989356041498	0.38491385444218895	0.3920614322268073	0.9950890511701875	0.3604485958076925	0.3461507738243663	0.38284027761333	0.40213184638924404	0.3912404100606604	0.5626053798561063	0.4325078940503534	0.3760692974365473	0.4259290081303329	0.38560303648084426	0.3606232664051833	0.38659581875810495	1.1829706405557059	0.43817551296351004	0.26652724431763913	0.37633321093036043	0.382859455803495	0.29144735123709226	0.34468479379036954	0.3519617176325326	0.7544291769436996	0.32561945725739033	0.3889888743219675	0.30643834205847953	0.4641419926070195
ec1461	0.6301651293823611	1.256895991547452	0.1534809425688195	1.1315923297748771	1.1698949760839104	0.5603234810139742	1.2555282491997233	0.06701602297427497	0.0908832491367233	0.09839289454997391	0.07627088496060151	0.11862374539344028	0.3778269949549972	0.0	0.0870235027390049	0.14256305688140186	0.28932548622600945	0.4583932161048736	0.08052290744046425	0.5190629957729258	0.5363154849057323	0.47623705256338905	0.09642039411353853	0.05808438252965729	0.1775657481923644	0.43276417145204316	0.545247233046148	0.561483118128164	0.11084585704088257	0.08794777519019205	0.18577503030268516	0.20108838298197268	0.07458559941903442	0.09578593163247914	0.14411846708524384	0.08805530797014438	0.423205717898958	0.5266627760999363	0.10029174428850124	0.08308796725628667	0.09152381793382908	0.09543236408306953	0.9889298604834156	0.1020963499798822	0.08013269903928598	0.09829067630994907	0.11454756881835901	0.09879047829961239	0.5373262374692053	0.10053639552665411	0.0835772210546277	0.1643108217117812	0.08774399450720335	0.07734853422041219	0.08096601200076223	1.2039854791732525	0.5041476398553062	0.40379254048063784	0.08405551308986411	0.0887047873262304	0.28747044660201343	0.12835199897489905	0.08501452214015155	0.7168651442272787	0.19318450537517645	0.09998625023800344	0.22142997267373746	0.14725334564548084
ec1462	0.6815810804395541	1.283648597173271	0.18603342519552274	1.158330520780995	1.2069410105532392	0.5876494243908627	1.282644663137064	0.059970613072036466	0.04950073636274614	0.04209016620638076	0.08456310420258975	0.13232493839173343	0.41618494827295	0.0870235027390049	0.0	0.157302429671015	0.3110095438666445	0.48494966386997207	0.10654860583918707	0.5436670554638491	0.5490198047272479	0.5058270831849734	0.046946388196929194	0.10186904237543819	0.21406076945115884	0.4670715894452025	0.5914855439822053	0.5986342316822215	0.16177911671592737	0.038094861954900375	0.2123507181098639	0.23480028284680107	0.10915874303988887	0.01750183292492923	0.16161837714794527	0.11279483583088136	0.44778068271982663	0.5915149631142218	0.1444433597625904	0.03382544997677545	0.06009400027422965	0.07928096611180269	1.0211302699415234	0.1462674322770958	0.1422487339497983	0.04993794071728531	0.06813314057612851	0.040213858219609606	0.5761754377206227	0.10172311158172576	0.06311017532506341	0.2081452076722013	0.04603508956670806	0.08136752787115445	0.042157574946632914	1.2530386833564946	0.5363602166439145	0.43116733152888315	0.06461252122963318	0.053889176808427516	0.3113108722866966	0.15990305239484426	0.10552268365379239	0.7608283503613082	0.2182284891335733	0.0443867222991673	0.2498652280911154	0.18414488272800286
ec1463	0.6573676638459046	1.2677838767356717	0.16900383147101442	1.1424658004233958	1.187484503237272	0.5586635024368832	1.2661758302890362	0.1318146149657174	0.13767606105366856	0.13892614360565816	0.13247428132241168	0.14031298676512624	0.3862503422428646	0.14256305688140186	0.157302429671015	0.0	0.2248908417253847	0.4620284786861335	0.12428964354982944	0.5200143943649337	0.42066425243467553	0.4922523530612105	0.13879255371477195	0.12557564512915226	0.2061560360509977	0.43949232866541266	0.5786702751806704	0.5730559232580886	0.12139241439905468	0.1337207291005293	0.18602734384259711	0.17428910034054956	0.12456709144984626	0.15232285187110559	0.1997743477505279	0.15704716851259326	0.4273716756590191	0.5655253279339475	0.127602263770091	0.14133955690731168	0.148367721887396	0.15295699678884722	1.009218103143296	0.10799762719118544	0.14800904165327944	0.13549649026169955	0.16363942049310956	0.14405487570487605	0.5596381979126426	0.1798786341703051	0.1361047346172439	0.19589628995647831	0.13631049121680366	0.1416187082015791	0.13300201328760483	1.231981716547256	0.5162036770569145	0.4033514619815354	0.13639535763952282	0.13867607250668507	0.3041038034152258	0.1679137826444345	0.1222173804161384	0.7373549673326424	0.20996216984807226	0.13986362332066476	0.23346152766840914	0.21387185723955793
ec1468	0.6205909653607594	1.2318824868368374	0.2709659097638887	1.1101474031976915	1.1525620564117895	0.5213991903034211	1.2305147444891087	0.28658120219903477	0.26932129307960595	0.2862071350177914	0.27816062536203223	0.2923092850498731	0.35835298712059377	0.28932548622600945	0.3110095438666445	0.2248908417253847	0.0	0.4376025521813439	0.2796865629508806	0.4907688918886201	0.3985235807436308	0.5206127833773408	0.27829046826092635	0.2528031016303852	0.2799730532846669	0.4079110306772139	0.5584272197321349	0.5447774267249983	0.23116828200004932	0.28215835641190085	0.26242544465973827	0.2141313984628346	0.27986019455203187	0.30954353343325997	0.3480932534885568	0.2786746927585314	0.40334064901062894	0.532311484413126	0.2561955874243846	0.2965625384022348	0.2760526221610923	0.2697145555293802	0.9685983858843753	0.20933025837590052	0.27456535527931836	0.28603748334092793	0.283297124906004	0.2884838045470297	0.5401191450297504	0.3255803611508978	0.27799879746210077	0.34779483401450584	0.2787728716786543	0.2703638764223998	0.2909188413213682	1.1984070399599747	0.48749868515895	0.37314580501764794	0.2802313702988912	0.2756528761914761	0.2904004205493063	0.28455733296244856	0.28014238506251005	0.6999861480257139	0.26566908542823336	0.28260181815207064	0.25535716846112183	0.36462650300939164
ec1469	0.5789433238242155	1.2072282287768652	0.3480428468677604	1.081910152424589	1.1148657989107849	0.4542724035563454	1.2055769754385615	0.4341681315025453	0.4661570438005197	0.4680438534625124	0.42235496454210153	0.35873024905096806	0.40608623582427944	0.4583932161048736	0.48494966386997207	0.4620284786861335	0.4376025521813439	0.0	0.3949407204678803	0.14764012288656725	0.4657106183969983	0.7011526505803455	0.462113383200542	0.4322637053136339	0.3402136553541638	0.16947649547220583	0.5536146925381303	0.30344896330844845	0.42154270841854	0.46613828413277797	0.29464568818140396	0.4190956845510593	0.3940740837691016	0.4800945522340505	0.5313985057715145	0.44389136970330184	0.06542309538820236	0.27012576452312054	0.4178599089945778	0.4582423198491555	0.4612975566688871	0.4660649932236401	0.9844935773869423	0.4399379817623843	0.4229026726516556	0.46063048200335727	0.47252022628942075	0.4693579530400596	0.5986515596658046	0.5023685161090404	0.44655004271182114	0.504458395694205	0.45843590591573985	0.4430180309245477	0.45079594484284163	1.1513427375510625	0.10878035270449946	0.3935160876627523	0.45733709510474957	0.4586468004589454	0.238516532649238	0.3523449699473224	0.3869776520157556	0.8277544819764313	0.28558250605568714	0.4662561572114817	0.2688935051307985	0.5300428506868352
ec1470	0.6414215318772959	1.2603516011625324	0.10575735095841227	1.1350335246902565	1.1778655140795045	0.5298327870142309	1.258743554715897	0.06757436504479582	0.09461377051250708	0.09821873542611861	0.05376407587642828	0.07345136370751086	0.34605178599166997	0.08052290744046425	0.10654860583918707	0.12428964354982944	0.2796865629508806	0.3949407204678803	0.0	0.462740632649666	0.5195617865875597	0.4752000215076964	0.09458606746986524	0.06454787174894747	0.13278372380540376	0.3836797101494972	0.5182890554013093	0.5122825518010414	0.09872228668756453	0.09133091785114328	0.11992577093353032	0.18305191772341065	0.04011330411838389	0.10514161231207259	0.15284965912831155	0.09584940864550048	0.358985447877019	0.5093884211857529	0.07873654512062646	0.08381891446968481	0.09571674493503024	0.10703969521827686	0.996873201856331	0.09583591134923264	0.07386302825698404	0.09379509136903602	0.11631777833151533	0.09764731212826425	0.4954248326343197	0.12487947194503296	0.077288035274589	0.16005339019465858	0.08522009005362013	0.07711622501509924	0.07228885596214714	1.2183465634831208	0.45460096615142703	0.3707829488355922	0.08953915456307891	0.08642135178776586	0.23588220832918494	0.09339315683144497	0.0517103949283234	0.7291645992845588	0.14220022817038866	0.09655610533586233	0.16481656111270193	0.15591105694002735
ec1471	0.5831221764945587	1.181023750993545	0.45310801342018975	1.1180291788588395	1.1022829478762084	0.46219454174703983	1.1794157045469096	0.5045302923833751	0.5224411983849883	0.5241476996867366	0.4789997176953748	0.434062888596096	0.4779569522150793	0.5190629957729258	0.5436670554638491	0.5200143943649337	0.4907688918886201	0.14764012288656725	0.462740632649666	0.0	0.43975395908367937	0.760435128408731	0.5202654836353695	0.48659840431723306	0.4417388671191648	0.2406672814344375	0.6439383948888234	0.3367514339410165	0.4854114341051927	0.5223903326101458	0.3801524936905225	0.4929475235703167	0.4614684209237387	0.5388647622202094	0.5901899526411039	0.5087869113648515	0.17956434425962578	0.3635046486964865	0.47733929569118033	0.5210127818256977	0.5152205925661523	0.5197019409039687	1.0413300429126544	0.4930465967223428	0.480941348043112	0.5146660655530828	0.5245974060228263	0.5233976152028775	0.6670830749591437	0.5608592393081633	0.5079713049712344	0.5632620721467122	0.5158555723164673	0.498380856926872	0.5108128676607556	1.1486455160957307	0.13141664999379987	0.474780790639286	0.5113406651148553	0.5146413045193994	0.33162231785573587	0.44549920972050266	0.4774709276940203	0.8856969676206777	0.3540704921214985	0.5248004451580174	0.36761845959958744	0.5910765824276143
ec1479	0.5859817437546204	1.1695080352282408	0.5130049798928409	1.1080398995341816	1.0953421052226477	0.48094643100886636	1.1687667076079316	0.5287919193334549	0.5281705872986842	0.5252613702189255	0.5237095529791018	0.5295780704471087	0.5203556857817695	0.5363154849057323	0.5490198047272479	0.42066425243467553	0.3985235807436308	0.4657106183969983	0.5195617865875597	0.43975395908367937	0.0	0.7658630141055323	0.5281824868003421	0.5099578850571322	0.5188798204700523	0.4295779468859966	0.7118198701316174	0.5138436281611293	0.49885991779027705	0.5295786111907864	0.5013771465296837	0.4797786833205888	0.5198380993384781	0.5474639594532316	0.5923373280459822	0.5303037220892898	0.4656224083823163	0.587563590463421	0.5119832975612181	0.5370002361769166	0.5317812810780832	0.5275519050164308	1.0350556375240239	0.4832944282064264	0.5282920415297873	0.5256358938097871	0.5358007278648342	0.5315934704641666	0.7282941144119857	0.5704305640491623	0.5278112841331991	0.591736204423543	0.529796426283236	0.5261894126691289	0.5320539868912374	1.1486467736890251	0.4563388880750983	0.5077112466592647	0.5238624762361361	0.5311325155817841	0.4961946655890289	0.5214628940634031	0.5202021311267856	0.8793957222319344	0.5039331951875385	0.5298024466200527	0.4928699303938344	0.6071726763891144
ec1489	0.8080201276547212	0.7985204137697677	0.4674323093940973	0.6731202415726396	0.7190604667308748	0.7962348442617048	0.7970555916134895	0.48433873208997164	0.4885812911216255	0.49642584713698834	0.48536020213904374	0.4918164392256471	0.6326047914488913	0.47623705256338905	0.5058270831849734	0.4922523530612105	0.5206127833773408	0.7011526505803455	0.4752000215076964	0.760435128408731	0.7658630141055323	0.0	0.4857397943174826	0.47935888044011876	0.46048940915298797	0.6798425121923692	0.18946429268683812	0.8056712492029429	0.47972521919013733	0.49146534270551534	0.4592684352197889	0.4713690486872028	0.48478449128498435	0.5116035840904652	0.44531295426829276	0.49273016060201125	0.6665262327118989	0.6163195991373086	0.4718426829910803	0.49165119596522605	0.4911182365929052	0.49409857366248067	0.532586461714815	0.47986916758829085	0.4629479703635254	0.49424792736413276	0.5002268628363089	0.4950513761565135	0.4872417887605676	0.41180323094618465	0.4821784104092363	0.4396517656678822	0.4851964242315734	0.48462427902876437	0.4904295909880665	0.8555469915059908	0.7557261459574507	0.6361099534859067	0.49237362045790056	0.48502538573924264	0.552923178140716	0.4599097828562117	0.47715203806336315	0.2709293056360315	0.46234322273882417	0.48933384314273953	0.47345531761163867	0.3348645575099148
ec1490	0.6613646532893532	1.2694240273048312	0.17086988649650167	1.1441059509925553	1.1890520499390655	0.5600073417392131	1.2677727739665272	0.05688970674645792	0.02001700643283195	0.025611050676014508	0.05882444147309389	0.14733986720663872	0.38773939741771507	0.09642039411353853	0.046946388196929194	0.13879255371477195	0.27829046826092635	0.462113383200542	0.09458606746986524	0.5202654836353695	0.5281824868003421	0.4857397943174826	0.0	0.0719571576088113	0.2130820931091419	0.440640023392089	0.5857189529800044	0.5778044726078685	0.12486597127769722	0.01699855702800593	0.18695441072155672	0.20420423076313257	0.0988690493203336	0.04466446365896169	0.14824537105122765	0.07864860422183036	0.42742867977349275	0.5705257336907722	0.10747427870382556	0.03873264826933019	0.02896264172689318	0.044448705883728	1.0041492493194069	0.11281871971496167	0.11499225920112491	0.026925913204347365	0.03653735979449411	0.025121269992983822	0.5684263220117008	0.09352665890777045	0.03375161779125121	0.19555311256500743	0.017128127314376147	0.04530693027299842	0.03147059334747442	1.2357119417738291	0.5169043074655317	0.40174440183661947	0.03983638022673639	0.027553741404182805	0.31060474164576485	0.17569636767253727	0.10389192067535083	0.7376023454101498	0.21565360900348943	0.016978954885543986	0.2378672081205202	0.18477947756506294
ec1492	0.6479622221780121	1.2611619306858364	0.14527626129176124	1.1382440730506658	1.1822751825232904	0.5451096309877455	1.2597941883381074	0.06586626325661775	0.06707173679663228	0.07541289234398874	0.03939964893396133	0.1177957120975274	0.3508083520866601	0.05808438252965729	0.10186904237543819	0.12557564512915226	0.2528031016303852	0.4322637053136339	0.06454787174894747	0.48659840431723306	0.5099578850571322	0.47935888044011876	0.0719571576088113	0.0	0.183299652725251	0.3982236310410488	0.5581619546836925	0.5465356513676998	0.06846869022637975	0.07039170397249114	0.16015657817172377	0.16397652846183725	0.058741656471537715	0.10268426491699814	0.14299400994229536	0.06628179123775854	0.39801161003124363	0.5311503416683586	0.06689067230876923	0.08615291693819255	0.054139714406678155	0.06693157402689874	0.9972601663098495	0.06494706613044054	0.07565282552678963	0.07463525999561342	0.08493263301354292	0.07782441417109405	0.5384048436310278	0.12090260190556835	0.06739472193506366	0.16251762591689534	0.06531154853584002	0.04157598711944058	0.07616769267848933	1.2245345560004395	0.48358088031809815	0.38666546660350176	0.06029740683697514	0.06680670688001211	0.2818659731040252	0.14394044370148865	0.08556260250624405	0.7239349009985395	0.18668067196557658	0.07531419890652422	0.21019819349313346	0.17445455245866257
ec1493	0.5880979156222422	1.2464030037335896	0.08106383435456316	1.1210849272613135	1.157400567043856	0.4858908761628404	1.244751750395286	0.1742360182365528	0.21253140915372118	0.2196822583147879	0.17332238831861316	0.13094808415500123	0.3026047424116667	0.1775657481923644	0.21406076945115884	0.2061560360509977	0.2799730532846669	0.3402136553541638	0.13278372380540376	0.4417388671191648	0.5188798204700523	0.46048940915298797	0.2130820931091419	0.183299652725251	0.0	0.3611935467101486	0.4477519104486444	0.43779170013350704	0.18031710545806867	0.2113376596715786	0.09217729305733764	0.1584482213026725	0.145727846694881	0.21791246865982702	0.26445050330752873	0.20360027966497363	0.3012072455557293	0.47001616350912856	0.1680503938111396	0.1953640573788733	0.21298806075326962	0.22382096246051053	0.9799424679407086	0.1963053225946676	0.1642651734885222	0.2120196501409029	0.23135126960428462	0.21678985430154996	0.4755543128082833	0.2273808334366568	0.1947827834655956	0.23672941860781918	0.20474445291013235	0.19681643135594482	0.1904949798457083	1.1917754342512954	0.4186661436277061	0.33477936207108594	0.2086666586750331	0.20406848362955882	0.1918118534443273	0.07307422813102106	0.12543477330710287	0.7183824744457303	0.11669975928908027	0.2159791709597791	0.09749620860936434	0.25292388217309897
ec1495	0.563635290881802	1.1685795672600274	0.37536287645259087	1.0448888725126735	1.0876226471020942	0.442328519145477	1.1669283139217235	0.4299691295826067	0.4431301472758132	0.44612251798992075	0.3994182486124455	0.34716360774329424	0.3841352676333108	0.43276417145204316	0.4670715894452025	0.43949232866541266	0.4079110306772139	0.16947649547220583	0.3836797101494972	0.2406672814344375	0.4295779468859966	0.6798425121923692	0.440640023392089	0.3982236310410488	0.3611935467101486	0.0	0.5600648229705079	0.29109583060190247	0.39535812940308374	0.4428788546587909	0.29601646967995315	0.389065181967996	0.3691796176196946	0.46316560963102693	0.509632027306602	0.4265864945274101	0.16872485586872957	0.29547778095318705	0.3913375854965364	0.44849699941463705	0.43328424957458056	0.4394395752476761	0.959478443568475	0.40826316231228804	0.39562841334834753	0.43865600169171026	0.44616333352636617	0.44506580279609675	0.5760646277182102	0.48368418526347323	0.428997937100818	0.4747111324144261	0.43525694901531087	0.41042100896358413	0.4353482893998545	1.1309735187269765	0.18829993387572685	0.3854751579149335	0.4310068275930057	0.43758430108828433	0.2469075125534468	0.36583033690847594	0.4029558134339071	0.7975765743414787	0.28150686119151236	0.4457351011886239	0.2833706976080472	0.5146856104748796
ec1497	0.7403076074210293	0.8221902524488209	0.4638347844470997	0.6965939216738439	0.742204356323028	0.714958057252975	0.8201295772538475	0.5533735718508445	0.5857768204193987	0.592097756690297	0.5490843579037384	0.5199018992865159	0.5461961123782358	0.545247233046148	0.5914855439822053	0.5786702751806704	0.5584272197321349	0.5536146925381303	0.5182890554013093	0.6439383948888234	0.7118198701316174	0.18946429268683812	0.5857189529800044	0.5581619546836925	0.4477519104486444	0.5600648229705079	0.0	0.67631998071294	0.5589497115542552	0.585547421238841	0.47545592773898315	0.5553732460424166	0.531293739859525	0.5941699520689455	0.5392376192102085	0.5813035432451518	0.5020625688196236	0.49753018484013506	0.5459694330214082	0.5719098380802661	0.5850170462607257	0.5925775668611042	0.5610510425635187	0.5643127105898268	0.5302384159293783	0.5844580887774926	0.5994177406511891	0.5889753054624759	0.4481621551094925	0.5019563236830233	0.5692830071245967	0.5098365431360505	0.5775868723978471	0.5673847100078412	0.564320544032064	0.8643083222366572	0.6334410887209992	0.5518212807019865	0.581575386102949	0.5779801114663349	0.4611151764794533	0.45311644679774665	0.5037294031916235	0.31484926807976704	0.48184620015478963	0.5898883770894446	0.4215908643041911	0.4159233439056511
ec1498	0.3966592192897868	1.248466870283485	0.47307208671089385	1.170124188093978	1.1247560162717238	0.36865011127215974	1.2468588238368492	0.5522411577867621	0.5823632199210405	0.5844732247596687	0.5395670170546818	0.4783295576020134	0.3338505756111469	0.561483118128164	0.5986342316822215	0.5730559232580886	0.5447774267249983	0.30344896330844845	0.5122825518010414	0.3367514339410165	0.5138436281611293	0.8056712492029429	0.5778044726078685	0.5465356513676998	0.43779170013350704	0.29109583060190247	0.67631998071294	0.0	0.5267392886528698	0.5808019617794301	0.4094893424889857	0.4564218845608639	0.5114460144926428	0.600268217757494	0.6403728063262348	0.5428521962630779	0.32002847083068	0.43500245492834333	0.5092550941214566	0.579337192126034	0.5767119341605473	0.5787888840275349	1.0822843938260491	0.5509868262332142	0.5236493071428805	0.5735894475744588	0.586725089678376	0.5818292492728537	0.7053450248991847	0.6107536519014651	0.558818743170166	0.61491253459036	0.5772160749183793	0.5599426936421065	0.571227827930675	1.1606653327256873	0.2791229994131159	0.440188624666649	0.5698824307741803	0.5694174078823904	0.3176522932031023	0.4778169397319583	0.5216456035274745	0.9285663342880737	0.40579841014600987	0.5794761348362502	0.39380030915936354	0.6386652044543984
ec1499	0.6264823038287177	1.2616243753420846	0.1331775614795599	1.1397741170588476	1.1668008686582305	0.5204517916416161	1.260016328895449	0.12082463218554339	0.11606346543744951	0.1371269459471867	0.10178639203159047	0.1201108457569623	0.33173519888619996	0.11084585704088257	0.16177911671592737	0.12139241439905468	0.23116828200004932	0.42154270841854	0.09872228668756453	0.4854114341051927	0.49885991779027705	0.47972521919013733	0.12486597127769722	0.06846869022637975	0.18031710545806867	0.39535812940308374	0.5589497115542552	0.5267392886528698	0.0	0.13003878301954827	0.15987465972462364	0.13697224909396594	0.08806603073413459	0.1613942729171696	0.1989233328899429	0.08765827358637057	0.39784590733546055	0.5151425810859863	0.062447454108347414	0.14395843255384425	0.11131993945273481	0.1017572366894824	0.992640092780521	0.04715920464356022	0.08185478530054846	0.13542088538707286	0.12095191396658103	0.1392524094826788	0.5390590688411601	0.17630887131543257	0.11374609297683955	0.16968120606816864	0.12238646800785703	0.08945283250167799	0.13508026654425193	1.2078444688115388	0.4685733851932527	0.36642128785232353	0.11845899336467428	0.11875079408154035	0.2708176840412351	0.14915680875335088	0.11007583044037339	0.7235223933878686	0.18596365593595385	0.13140250454861377	0.20975079605001742	0.21133350116527932
ec1500	0.6656177147489708	1.2720947545093306	0.16993851413356645	1.1478550074390705	1.1911451780829136	0.5657148510091846	1.2707270121616019	0.048625522881471345	0.018535522798785495	0.02023457013002196	0.053898839004470483	0.14360933606733264	0.3908577794900603	0.08794777519019205	0.038094861954900375	0.1337207291005293	0.28215835641190085	0.46613828413277797	0.09133091785114328	0.5223903326101458	0.5295786111907864	0.49146534270551534	0.01699855702800593	0.07039170397249114	0.2113376596715786	0.4428788546587909	0.585547421238841	0.5808019617794301	0.13003878301954827	0.0	0.18936460133011424	0.20639958882634307	0.09366726180151329	0.037454746065060406	0.1456698995640447	0.0844344196763869	0.4309591746065119	0.5719777110797422	0.11240047533622963	0.03420905129916109	0.030141004598625787	0.04814309918140312	1.0082125326789333	0.11605528090758047	0.11952663352158722	0.024446481218868818	0.04028673000490674	0.022079008754087918	0.5666795460519128	0.09239265293418795	0.03515442897171691	0.19008775009615192	0.017271130369021278	0.0497480260987696	0.02776995734009622	1.2383332246193	0.5193583788772774	0.40925662838505966	0.03566656041085308	0.026721992185572124	0.308569703310557	0.17102618601635913	0.09938663167171019	0.7396515354261133	0.21428831523812567	0.01749814301474524	0.23637523097458193	0.17998081400390065
