	ec1058	ec1059	ec1065	ec1073	ec1075	ec1078	ec1084	ec1091	ec1092	ec1094	ec1098	ec1100	ec1108	ec1113	ec1116	ec1122	ec1124	ec1129	ec1132	ec1133	ec1138	ec1140	ec1149	ec1249	ec1265	ec1314	ec1346	ec1349	ec1361	ec1362	ec1377	ec1378	ec1393	ec1396	ec1400	ec1409	ec1411	ec1420	ec1424	ec1425	ec1427	ec1438	eti111	eti114	eti123	eti135
ec1058	0	0.6012162609460072	0.614531123698157	0.5853889138704466	0.5570975994617647	0.5938199752808395	0.5854220279511544	0.6200721523454227	0.5832458927681138	0.5897862476964479	0.5992753958459562	0.5793427289978146	0.5587146718316912	0.5826418700272523	0.6018578115356097	0.6213519418255828	0.6119585210915873	0.664353520044023	0.5768648771013075	0.6009603826592763	0.6293593056989852	0.6034841067904203	0.6082261448314262	0.8104235554624507	0.8247390712181276	0.8751858396660792	0.8578547649916342	0.8364394264029287	0.8688929563088725	0.8690122496880043	0.8179316688913641	0.8752682429035215	0.86271249458916	0.8745618336610513	0.8353606224103144	0.8622083324154246	0.8388487603093771	0.8685966917950051	0.844077918378548	0.8457025932405154	0.8717072915372145	0.8750270551344052	0.7752126075826563	0.839878290923691	0.8473707905091999	0.8141739658517229
ec1059	0.6012162609460072	0	0.6757083794697719	0.5864606882138969	0.5597547844364544	0.624208565574995	0.6265320170693132	0.5609677980164613	0.6618739136627383	0.6202212511158934	0.545850372972995	0.6323115094620014	0.5769320430768536	0.6860169884407064	0.6689866303292019	0.5459786057068567	0.6883780776441394	0.6920803677742642	0.6061364980309498	0.6142547041700166	0.5781050109271948	0.6220211221973394	0.5892037177399239	0.8308697617365988	0.8469475487606691	0.8922474078246828	0.8677161397832772	0.852291062978595	0.8850969896691252	0.8851798394267284	0.8210227377713017	0.8955992240374222	0.8651779541154709	0.8841498249093631	0.8613538509477017	0.8783891100330243	0.8395433219445145	0.8902808926427934	0.8630231343455365	0.872112062303144	0.8850625538766161	0.8900525786944933	0.8016269591661751	0.8623800592905196	0.8728379327352731	0.8472239689379176
ec1065	0.614531123698157	0.6757083794697719	0	0.6573273226165451	0.6381926487997561	0.6469780837417306	0.6334065549570769	0.6559757736378947	0.6141962754008878	0.6509615520365277	0.6466408307838665	0.6191540898136851	0.6496735729808009	0.615561578641698	0.6017906503182822	0.6682938940718393	0.6614591015929584	0.605095858987279	0.6453550410710074	0.6311991295527822	0.6783243470144128	0.6473609345762499	0.6515202444947175	0.8090060723903526	0.8259698008123633	0.8781281219945916	0.8081830912506019	0.831013180731013	0.8673466592302335	0.8657626457078608	0.753377669371973	0.8740219809397105	0.8193693895496447	0.859716463302916	0.847440844605354	0.862179983394266	0.8161589829954641	0.866709808323272	0.8364578180223352	0.8457294050445721	0.8591065011499578	0.8724576164423441	0.7640122300775248	0.8460254952358212	0.8524530098584815	0.8228277276204257
ec1073	0.5853889138704466	0.5864606882138969	0.6573273226165451	0	0.6082138495115746	0.5825699543198923	0.6113647104569597	0.6086046700945444	0.6102384118215328	0.6600443857992253	0.6123953604555266	0.6169558793632252	0.606497093591002	0.6213500664618956	0.6293380599089363	0.6455816179528242	0.6243965306983257	0.6614786522862126	0.5905721342862349	0.6478220706511258	0.6568487384540651	0.5812545539765289	0.6253040455569121	0.8197205269056541	0.8190463464542603	0.868667139141863	0.8503255454679889	0.8312269609727159	0.8683857389696645	0.8685003919334491	0.81967201578126	0.8742182491026238	0.8539319406982337	0.8799695516872261	0.8374637460023711	0.8482978832351701	0.8327400089852733	0.8745391895579612	0.8373513087755797	0.8525943394229705	0.8789138587815146	0.8675447662674826	0.7645702935176657	0.8433450144550346	0.8469174408868468	0.8126894156550468
ec1075	0.5570975994617647	0.5597547844364544	0.6381926487997561	0.6082138495115746	0	0.5951514830195149	0.6243371382365239	0.5968935132306271	0.5995821945700308	0.5914484976426126	0.5620715319509857	0.6336594082783283	0.5958061255425187	0.6395974462544476	0.6094637539891515	0.593048861891838	0.6338001935690192	0.6581813604019479	0.6059203211627304	0.5780233753583685	0.6249329091923085	0.5759052816265781	0.5868281332267371	0.7973064787614921	0.8081706766006158	0.8626172899792766	0.845110146145617	0.8145874849130074	0.8556772237110348	0.855815542801054	0.797937777277382	0.8693141446206482	0.8507724794621631	0.868885033447767	0.820639765618548	0.8483145842075155	0.8128977841451361	0.8623537041919547	0.8290990495049388	0.8384325629217418	0.8659390095192758	0.8620287406639884	0.7448534314791782	0.824076773255684	0.8366718481003037	0.8011971528981655
ec1078	0.5938199752808395	0.624208565574995	0.6469780837417306	0.5825699543198923	0.5951514830195149	0	0.5518199025445533	0.6419786917647288	0.5761851743141209	0.6227117333864374	0.6020366286898561	0.5470830034735534	0.5784198310917357	0.5790578208897706	0.6068923573481462	0.6589576240136229	0.5785959329653229	0.6613369736490244	0.6106568293877797	0.590163901586886	0.6924353799703135	0.5930825767146687	0.5814863627239907	0.8154534252637419	0.8164223701145048	0.8712430409218654	0.853875680453126	0.8199120892219142	0.860388591914045	0.8605180316970618	0.8119596804917711	0.8736321251769739	0.8531616172876899	0.8729992325061595	0.8389342937268784	0.8398049780924816	0.824354079092778	0.8668809232781989	0.8346457149977035	0.8452000769207159	0.8742608297764343	0.8665699128227639	0.7572331476404709	0.8324859272422347	0.8435046239414703	0.8168547190887839
ec1084	0.5854220279511544	0.6265320170693132	0.6334065549570769	0.6113647104569597	0.6243371382365239	0.5518199025445533	0	0.6441463964179353	0.5231980059808069	0.636377749861897	0.6046403338513908	0.500020473930897	0.5748638847557893	0.5702013239030714	0.6178597031240769	0.6521922736228273	0.5273054334926593	0.6402943052171897	0.5638785223124433	0.6161297610983973	0.6515968584829217	0.6075938024446609	0.5991327827876797	0.8301994029501309	0.8355158978684748	0.8791366631274569	0.8618703990428443	0.8386958363041807	0.876697667425134	0.8750533726213489	0.8238506262501789	0.8861032682552092	0.8656981279356282	0.8865411452489135	0.8524818763899011	0.8675454956833504	0.8415354217875554	0.880346216652962	0.8540352995973025	0.8596555722088134	0.8800392878126272	0.8803027500414566	0.7896582883962801	0.8473775036821005	0.8664456850447906	0.8314104966858878
ec1091	0.6200721523454227	0.5609677980164613	0.6559757736378947	0.6086046700945444	0.5968935132306271	0.6419786917647288	0.6441463964179353	0	0.6563045386412271	0.6044620059515208	0.5881102862156836	0.6220823623534794	0.6051096743027353	0.6758684719679126	0.6569601685736212	0.5897413808191982	0.6771152295587205	0.7082950336140799	0.5886040908743314	0.6242210967761437	0.5783234531071813	0.6071651514624139	0.5932904092678886	0.8235710180937791	0.821368038299879	0.8793628300718839	0.8603169691677705	0.8357795760016894	0.8768242213557551	0.8769301029915197	0.8151244705179976	0.8819586185605165	0.8702735036824096	0.880974592714423	0.8476282612827983	0.8529638101355266	0.8391567618071404	0.8756266673480763	0.8454276547393019	0.8539336456205335	0.8754964999742962	0.8826769748206272	0.7723300329092709	0.8386759694563005	0.8539070514020194	0.8249878232767364
ec1092	0.5832458927681138	0.6618739136627383	0.6141962754008878	0.6102384118215328	0.5995821945700308	0.5761851743141209	0.5231980059808069	0.6563045386412271	0	0.6478314877825457	0.6288291933948683	0.5381262430556647	0.6173825329205801	0.5151478912037595	0.5575003964826776	0.6847678440763282	0.4737320854808587	0.5901725208519886	0.6105911546329085	0.6139925948080374	0.6793417974199173	0.5810584833199227	0.6324602934221406	0.8134788655623728	0.8189614135327097	0.8683444567524407	0.8508898122774239	0.8209752511896121	0.8601278356929147	0.858300185541504	0.7981250576008433	0.8712844877801346	0.8539182204747832	0.8715267925679268	0.8377405635433265	0.8524560375897939	0.8218593394703203	0.8640133576145623	0.8339249467677724	0.8503169728487375	0.8681428114092186	0.8649399925582776	0.7708404219932202	0.8290416987057905	0.8528778789932494	0.8160953681415851
ec1094	0.5897862476964479	0.6202212511158934	0.6509615520365277	0.6600443857992253	0.5914484976426126	0.6227117333864374	0.636377749861897	0.6044620059515208	0.6478314877825457	0	0.6086190375093292	0.6188511018852504	0.5945582075418767	0.6700728561031819	0.6328898476703051	0.5770753332402919	0.6721471629750634	0.7173064278194754	0.6300448310342153	0.5776528411302668	0.6323590589551745	0.6769541005439983	0.5985899929336134	0.841135820402738	0.8516254891438878	0.8936433315283993	0.8773543171469315	0.8542865471011964	0.8906192391951225	0.8907012739838673	0.8352603538723707	0.8963663700087944	0.8876478579834017	0.8938914162817481	0.8606085199907511	0.8790509720376573	0.8593657003531018	0.8897394038327128	0.8643237489641816	0.8732476375918731	0.8890527097283168	0.8968653580133726	0.8022917207199037	0.8632453642084088	0.8705113069494238	0.846048910158089
ec1098	0.5992753958459562	0.545850372972995	0.6466408307838665	0.6123953604555266	0.5620715319509857	0.6020366286898561	0.6046403338513908	0.5881102862156836	0.6288291933948683	0.6086190375093292	0	0.6015937322417628	0.5617350182839526	0.6383207668513836	0.641336671775295	0.5481935540714447	0.6566550732653545	0.6930418859812907	0.5941020562061968	0.5880367705692413	0.6123461397180382	0.5892321846954888	0.5920716384061127	0.8209511883996974	0.8354991449186504	0.8793888365452431	0.8622504159348778	0.8379719703000987	0.8740710594781508	0.8723709304913225	0.8223993280603273	0.8835474288452221	0.8681671317897184	0.8843115076995025	0.8449958744239934	0.8641393894058252	0.836867194047837	0.8778187186417139	0.850468945435784	0.8654287018538341	0.8800877009992751	0.8775632296897409	0.7799210072688669	0.8465107603358003	0.8628109323470146	0.8278895368889336
ec1100	0.5793427289978146	0.6323115094620014	0.6191540898136851	0.6169558793632252	0.6336594082783283	0.5470830034735534	0.500020473930897	0.6220823623534794	0.5381262430556647	0.6188511018852504	0.6015937322417628	0	0.5608026309411321	0.5756916500854296	0.6097764784943379	0.6181474547738449	0.5780330190627395	0.6524097054035212	0.5555445116602745	0.5982515910023225	0.6428311661992081	0.5901426548651475	0.6104515954651063	0.8033582267376415	0.8122044768631332	0.8600927483514175	0.8418568638958884	0.8138050711385064	0.8558504817539931	0.8551955259977002	0.7991086899275706	0.8688338598692715	0.8502812394034913	0.8679954300927601	0.8294229365140818	0.8469447929723271	0.8178746147047729	0.8611859882378349	0.8319639764830421	0.8372787993418802	0.8617331682978587	0.8621628529193248	0.7533916005173592	0.8178205198325504	0.8457342029099286	0.8042191306879688
ec1108	0.5587146718316912	0.5769320430768536	0.6496735729808009	0.606497093591002	0.5958061255425187	0.5784198310917357	0.5748638847557893	0.6051096743027353	0.6173825329205801	0.5945582075418767	0.5617350182839526	0.5608026309411321	0	0.6411268043216396	0.5998689780914356	0.5765587634457406	0.6523966543533025	0.6924299099825552	0.5617800021937505	0.5501702654832247	0.6364789625162522	0.5509699829671066	0.5455446031900947	0.8244070222134032	0.8318010817412694	0.8811959764468635	0.8648461145125369	0.8386149672159503	0.8743994166669211	0.8745018215109678	0.8270680205411662	0.8863940830678205	0.8720769557322806	0.8850599588258219	0.8453737593183376	0.8687521300074941	0.8377750477117379	0.8801954878332197	0.8507807110495265	0.8579314382461536	0.8834710178462574	0.8801486285037712	0.771943897205011	0.8478693959070438	0.8591601844867005	0.8293091240712097
ec1113	0.5826418700272523	0.6860169884407064	0.615561578641698	0.6213500664618956	0.6395974462544476	0.5790578208897706	0.5702013239030714	0.6758684719679126	0.5151478912037595	0.6700728561031819	0.6383207668513836	0.5756916500854296	0.6411268043216396	0	0.606005514901005	0.6927230929951038	0.5575711014063516	0.5719304373740473	0.6280289541345341	0.6349423782914281	0.7013046841546097	0.5887516968361165	0.6683189433856512	0.8195967735982419	0.8252674577274908	0.8738924408037051	0.8538364498817412	0.8327297380785322	0.8615956882135991	0.8617260784672168	0.8121878360672156	0.8694373927278742	0.8562816122057909	0.8677046206345498	0.8395111567511196	0.8605568810341209	0.8345065312042707	0.8611874167897631	0.8373300900317449	0.8390760200936199	0.8690467909782087	0.8692465446365722	0.7751138534483022	0.8394638750887821	0.8399578743031024	0.8188789650269204
ec1116	0.6018578115356097	0.6689866303292019	0.6017906503182822	0.6293380599089363	0.6094637539891515	0.6068923573481462	0.6178597031240769	0.6569601685736212	0.5575003964826776	0.6328898476703051	0.641336671775295	0.6097764784943379	0.5998689780914356	0.606005514901005	0	0.6527987975058439	0.5877651738539631	0.6183952773210066	0.6125691784709711	0.617465402560716	0.6858996633437602	0.6047714343225905	0.6261706116151332	0.7665373481434076	0.7821789384867399	0.8429987805787427	0.7975603330648977	0.780221670909556	0.8251881425317394	0.8315356675238845	0.7405214594329776	0.848849550271435	0.810307807081101	0.8331151334769366	0.8082362117116956	0.8244324036781661	0.7643009987703432	0.8396858885952592	0.7977100363141615	0.8156076728094287	0.8302254292846373	0.8397797543817913	0.7269588696447855	0.806589711967206	0.8245870578901767	0.786424143371265
ec1122	0.6213519418255828	0.5459786057068567	0.6682938940718393	0.6455816179528242	0.593048861891838	0.6589576240136229	0.6521922736228273	0.5897413808191982	0.6847678440763282	0.5770753332402919	0.5481935540714447	0.6181474547738449	0.5765587634457406	0.6927230929951038	0.6527987975058439	0	0.706143998850013	0.7341535353593809	0.6169775826527645	0.5832780597222585	0.5872115736707543	0.643028998490732	0.6151876585744939	0.8243455048458117	0.8312454654412387	0.8823441078009585	0.864676646078449	0.8393359603464494	0.8768816284192491	0.8751177415150416	0.8155383544341671	0.8867654476452519	0.870484392389696	0.8874106547911563	0.8466399868779112	0.8664928972289906	0.8407324492550332	0.8807993760948886	0.8523556339002653	0.8656167018922645	0.8830166563617933	0.8805357465988702	0.7718737747252831	0.8469142659693453	0.8651911311268153	0.8335728186359433
ec1124	0.6119585210915873	0.6883780776441394	0.6614591015929584	0.6243965306983257	0.6338001935690192	0.5785959329653229	0.5273054334926593	0.6771152295587205	0.4737320854808587	0.6721471629750634	0.6566550732653545	0.5780330190627395	0.6523966543533025	0.5575711014063516	0.5877651738539631	0.706143998850013	0	0.6119427113952963	0.6309817579377665	0.6371249286817779	0.703679261289339	0.6397610669012406	0.6565452167350261	0.7995868492233928	0.80550316091049	0.8557629705314491	0.8392832347413367	0.802726857367031	0.8453077612103558	0.8479476668585041	0.7924972376687712	0.8629873331043737	0.843647873238816	0.8614281883262607	0.8219641289744902	0.8412822785878076	0.8041151076607268	0.8526401616940813	0.8183293101559431	0.827170937125646	0.8605518561883581	0.8539334383397249	0.7493254851290071	0.8182809166353535	0.8321428066829151	0.8118644688735485
ec1129	0.664353520044023	0.6920803677742642	0.605095858987279	0.6614786522862126	0.6581813604019479	0.6613369736490244	0.6402943052171897	0.7082950336140799	0.5901725208519886	0.7173064278194754	0.6930418859812907	0.6524097054035212	0.6924299099825552	0.5719304373740473	0.6183952773210066	0.7341535353593809	0.6119427113952963	0	0.6880401698802179	0.6767510606458487	0.7391459535107108	0.653626630414497	0.7001477649561291	0.7970813741748808	0.8201269529280183	0.8749684635859192	0.8068654760357133	0.8200312351511274	0.8629396006673489	0.8630662405364264	0.7629505423958622	0.8721663869311732	0.7993941072163819	0.8546002434417079	0.8411261867905886	0.8543122395576818	0.8117394119908032	0.8640790343449767	0.8306657843122078	0.8468290631952551	0.8560662756896483	0.8704515368692192	0.7636308236474602	0.8416905567987414	0.8450618008193386	0.8287912253283289
ec1132	0.5768648771013075	0.6061364980309498	0.6453550410710074	0.5905721342862349	0.6059203211627304	0.6106568293877797	0.5638785223124433	0.5886040908743314	0.6105911546329085	0.6300448310342153	0.5941020562061968	0.5555445116602745	0.5617800021937505	0.6280289541345341	0.6125691784709711	0.6169775826527645	0.6309817579377665	0.6880401698802179	0	0.597078326783908	0.6354853778134741	0.5757720235850693	0.5911320693844292	0.8339027298833815	0.8343341995739626	0.8854078214817025	0.8697602395195346	0.8468972818084487	0.8831589743547176	0.8832447945467158	0.8349129840771653	0.8948770968754128	0.8751253530527955	0.8925234689411394	0.8590227614856031	0.8676714106232959	0.8492412775685407	0.8884287699140299	0.8636902720130458	0.8683348305363331	0.8878112937253649	0.8892336244741502	0.7987146758549526	0.858553245446394	0.8701363590101895	0.8425774419106926
ec1133	0.6009603826592763	0.6142547041700166	0.6311991295527822	0.6478220706511258	0.5780233753583685	0.590163901586886	0.6161297610983973	0.6242210967761437	0.6139925948080374	0.5776528411302668	0.5880367705692413	0.5982515910023225	0.5501702654832247	0.6349423782914281	0.617465402560716	0.5832780597222585	0.6371249286817779	0.6767510606458487	0.597078326783908	0	0.6614823666530798	0.6246370292180566	0.5582685268010797	0.8384388128021921	0.8473888198532364	0.8947675593243957	0.8791259132444228	0.8555482209275795	0.8892779923397084	0.8893618108200336	0.8396606565254705	0.896727814725363	0.886033563274778	0.8946277815072696	0.8614245850106358	0.8830296870971456	0.8578251905770051	0.890473335543046	0.8644277162589318	0.8696721974011243	0.8921358956657383	0.895152757882993	0.7900861856826437	0.8636014021575744	0.8703836079815371	0.8459613200782411
ec1138	0.6293593056989852	0.5781050109271948	0.6783243470144128	0.6568487384540651	0.6249329091923085	0.6924353799703135	0.6515968584829217	0.5783234531071813	0.6793417974199173	0.6323590589551745	0.6123461397180382	0.6428311661992081	0.6364789625162522	0.7013046841546097	0.6858996633437602	0.5872115736707543	0.703679261289339	0.7391459535107108	0.6354853778134741	0.6614823666530798	0	0.6618844949026329	0.6465067107548532	0.8406097007181823	0.8492959130689683	0.8952943615433053	0.8786889920033638	0.8553814046646974	0.8902838939455088	0.8903698496869642	0.8348882234515473	0.8960892675215064	0.8793489958932739	0.8945835328458409	0.8662910609903578	0.8807628156691294	0.8520147440537246	0.8902757923478628	0.8626149428429539	0.8704333855228996	0.8920050585288271	0.8957077467275082	0.8008218024153338	0.862214606401094	0.8716766755833929	0.8497661626135139
ec1140	0.6034841067904203	0.6220211221973394	0.6473609345762499	0.5812545539765289	0.5759052816265781	0.5930825767146687	0.6075938024446609	0.6071651514624139	0.5810584833199227	0.6769541005439983	0.5892321846954888	0.5901426548651475	0.5509699829671066	0.5887516968361165	0.6047714343225905	0.643028998490732	0.6397610669012406	0.653626630414497	0.5757720235850693	0.6246370292180566	0.6618844949026329	0	0.6066126808054677	0.7652144792747833	0.7551236954325307	0.8350574857716191	0.8187132685998093	0.7915217437705937	0.8246859084843561	0.8260625688085382	0.7899883632571464	0.840863448802939	0.8235890913702862	0.8417933707329424	0.798990446246724	0.8095928076157521	0.7993062785514046	0.8324211124226663	0.8053996441225857	0.8077233474799018	0.8410204048012385	0.8323562970413719	0.7179487847823049	0.7968199349984166	0.814699982537666	0.7781387233326847
ec1149	0.6082261448314262	0.5892037177399239	0.6515202444947175	0.6253040455569121	0.5868281332267371	0.5814863627239907	0.5991327827876797	0.5932904092678886	0.6324602934221406	0.5985899929336134	0.5920716384061127	0.6104515954651063	0.5455446031900947	0.6683189433856512	0.6261706116151332	0.6151876585744939	0.6565452167350261	0.7001477649561291	0.5911320693844292	0.5582685268010797	0.6465067107548532	0.6066126808054677	0	0.8363430694621561	0.8477207286675936	0.8906537000751046	0.8749541741108419	0.8535044186814389	0.8895352057163163	0.8896154310439226	0.8436863739555599	0.9001562060851258	0.8786891948247584	0.8986023602351677	0.8593757927235859	0.8778230696880857	0.8554613755313051	0.8947829305642241	0.8692164279252463	0.876026146395528	0.8939235863420274	0.8945554867750524	0.7980383415225306	0.8610244636029123	0.8756532819589412	0.8450369506392922
ec1249	0.8104235554624507	0.8308697617365988	0.8090060723903526	0.8197205269056541	0.7973064787614921	0.8154534252637419	0.8301994029501309	0.8235710180937791	0.8134788655623728	0.841135820402738	0.8209511883996974	0.8033582267376415	0.8244070222134032	0.8195967735982419	0.7665373481434076	0.8243455048458117	0.7995868492233928	0.7970813741748808	0.8339027298833815	0.8384388128021921	0.8406097007181823	0.7652144792747833	0.8363430694621561	0	0.4346331909474213	0.5671558818721345	0.5219400483211063	0.4624985528444946	0.5662366863035235	0.5550865064221376	0.5589239875570171	0.6032176192659918	0.5592293098305595	0.590035331112885	0.4412829010157606	0.5414997604660323	0.4751455799939669	0.5769230300934698	0.5169529936757176	0.5595408832525387	0.5683936077454189	0.5765822145203644	0.5669276311502476	0.5594663902710528	0.625830453284553	0.5737902960051615
ec1265	0.8247390712181276	0.8469475487606691	0.8259698008123633	0.8190463464542603	0.8081706766006158	0.8164223701145048	0.8355158978684748	0.821368038299879	0.8189614135327097	0.8516254891438878	0.8354991449186504	0.8122044768631332	0.8318010817412694	0.8252674577274908	0.7821789384867399	0.8312454654412387	0.80550316091049	0.8201269529280183	0.8343341995739626	0.8473888198532364	0.8492959130689683	0.7551236954325307	0.8477207286675936	0.4346331909474213	0	0.5753380189491991	0.5752452810092503	0.4807019064466945	0.553299224598071	0.5631816086914272	0.6032647164770255	0.6134446214387629	0.592865265135825	0.6414985877691245	0.4997441466011376	0.545894364809531	0.5644080645450599	0.5891636011534233	0.5267644623201906	0.5617144193240315	0.6249622874745425	0.5878647903733235	0.587743083861833	0.6092459780742973	0.6460262773967687	0.6172550205678293
ec1314	0.8751858396660792	0.8922474078246828	0.8781281219945916	0.868667139141863	0.8626172899792766	0.8712430409218654	0.8791366631274569	0.8793628300718839	0.8683444567524407	0.8936433315283993	0.8793888365452431	0.8600927483514175	0.8811959764468635	0.8738924408037051	0.8429987805787427	0.8823441078009585	0.8557629705314491	0.8749684635859192	0.8854078214817025	0.8947675593243957	0.8952943615433053	0.8350574857716191	0.8906537000751046	0.5671558818721345	0.5753380189491991	0	0.4045275872999536	0.312010107731931	0.2497235370483383	0.2022991293427623	0.6417782087250364	0.2592466459316518	0.5501222929426904	0.4318192802132492	0.2569192386444786	0.2937739952326048	0.4839297595881829	0.2792343128185982	0.38370261410182	0.3765376592466897	0.4159684433918098	0.2145008686207928	0.5193326320357429	0.3528116198909884	0.3550952334984152	0.4318649366793652
ec1346	0.8578547649916342	0.8677161397832772	0.8081830912506019	0.8503255454679889	0.845110146145617	0.853875680453126	0.8618703990428443	0.8603169691677705	0.8508898122774239	0.8773543171469315	0.8622504159348778	0.8418568638958884	0.8648461145125369	0.8538364498817412	0.7975603330648977	0.864676646078449	0.8392832347413367	0.8068654760357133	0.8697602395195346	0.8791259132444228	0.8786889920033638	0.8187132685998093	0.8749541741108419	0.5219400483211063	0.5752452810092503	0.4045275872999536	0	0.486548020275208	0.4425745589048517	0.4550839038127435	0.4677713888630335	0.468973001644961	0.431256622273238	0.5069645210799016	0.4890880507247975	0.4949263355287446	0.5516557993091926	0.4803535823834859	0.5532903525952898	0.4613290002596651	0.4840399208938648	0.4387536249810159	0.6132200567402568	0.517097109643046	0.5405941082227016	0.5090745961712535
ec1349	0.8364394264029287	0.852291062978595	0.831013180731013	0.8312269609727159	0.8145874849130074	0.8199120892219142	0.8386958363041807	0.8357795760016894	0.8209752511896121	0.8542865471011964	0.8379719703000987	0.8138050711385064	0.8386149672159503	0.8327297380785322	0.780221670909556	0.8393359603464494	0.802726857367031	0.8200312351511274	0.8468972818084487	0.8555482209275795	0.8553814046646974	0.7915217437705937	0.8535044186814389	0.4624985528444946	0.4807019064466945	0.312010107731931	0.486548020275208	0	0.3683867665565143	0.3318177615215167	0.5096227918277473	0.4307685616626753	0.5580825667198959	0.502332708236523	0.2407251301039673	0.3707440075509237	0.3078990041539251	0.3896820067958113	0.2285072887968598	0.4485343300093181	0.4782600810199652	0.3901617078660828	0.3944272905776812	0.4513819745441325	0.4977055547036832	0.5106436359696258
ec1361	0.8688929563088725	0.8850969896691252	0.8673466592302335	0.8683857389696645	0.8556772237110348	0.860388591914045	0.876697667425134	0.8768242213557551	0.8601278356929147	0.8906192391951225	0.8740710594781508	0.8558504817539931	0.8743994166669211	0.8615956882135991	0.8251881425317394	0.8768816284192491	0.8453077612103558	0.8629396006673489	0.8831589743547176	0.8892779923397084	0.8902838939455088	0.8246859084843561	0.8895352057163163	0.5662366863035235	0.553299224598071	0.2497235370483383	0.4425745589048517	0.3683867665565143	0	0.1111825197367899	0.6066625166532597	0.173027880402578	0.5235335331482006	0.3166796066793756	0.3841671590510722	0.3287675046965115	0.4528754348509549	0.1161698480785813	0.3604890460757983	0.2476753568659123	0.3515658230890641	0.1185192482580484	0.5364289183602305	0.2915035358784949	0.325057118157824	0.4213157034866359
ec1362	0.8690122496880043	0.8851798394267284	0.8657626457078608	0.8685003919334491	0.855815542801054	0.8605180316970618	0.8750533726213489	0.8769301029915197	0.858300185541504	0.8907012739838673	0.8723709304913225	0.8551955259977002	0.8745018215109678	0.8617260784672168	0.8315356675238845	0.8751177415150416	0.8479476668585041	0.8630662405364264	0.8832447945467158	0.8893618108200336	0.8903698496869642	0.8260625688085382	0.8896154310439226	0.5550865064221376	0.5631816086914272	0.2022991293427623	0.4550839038127435	0.3318177615215167	0.1111825197367899	0	0.6057012270311742	0.1576824909949943	0.5393981600589728	0.3285710045518376	0.3543800760397589	0.3291749146797276	0.4214027786839338	0.1188808662795564	0.3351153148562553	0.2536519506560057	0.3447344077976346	0.1182385948791639	0.5205003635077394	0.3136057035411641	0.3100837399769179	0.4201149324320999
ec1377	0.8179316688913641	0.8210227377713017	0.753377669371973	0.81967201578126	0.797937777277382	0.8119596804917711	0.8238506262501789	0.8151244705179976	0.7981250576008433	0.8352603538723707	0.8223993280603273	0.7991086899275706	0.8270680205411662	0.8121878360672156	0.7405214594329776	0.8155383544341671	0.7924972376687712	0.7629505423958622	0.8349129840771653	0.8396606565254705	0.8348882234515473	0.7899883632571464	0.8436863739555599	0.5589239875570171	0.6032647164770255	0.6417782087250364	0.4677713888630335	0.5096227918277473	0.6066625166532597	0.6057012270311742	0	0.6527037549666767	0.53161535022671	0.5109579095966211	0.5737258761448222	0.6031549133809923	0.3781504414309407	0.6340626666165865	0.5433838626917336	0.6215733388949116	0.5082874805142774	0.6334325037985187	0.5886526983689421	0.6482142535408952	0.6775105997789336	0.656287431996177
ec1378	0.8752682429035215	0.8955992240374222	0.8740219809397105	0.8742182491026238	0.8693141446206482	0.8736321251769739	0.8861032682552092	0.8819586185605165	0.8712844877801346	0.8963663700087944	0.8835474288452221	0.8688338598692715	0.8863940830678205	0.8694373927278742	0.848849550271435	0.8867654476452519	0.8629873331043737	0.8721663869311732	0.8948770968754128	0.896727814725363	0.8960892675215064	0.840863448802939	0.9001562060851258	0.6032176192659918	0.6134446214387629	0.2592466459316518	0.468973001644961	0.4307685616626753	0.173027880402578	0.1576824909949943	0.6527037549666767	0	0.5644427981047944	0.3129249023853264	0.3922766757715568	0.3582761712198334	0.5041901941710103	0.07390138282643634	0.2920206732124083	0.2295874980638158	0.3310649600587946	0.07099135213514682	0.5156226810987952	0.3453338593344153	0.258089991210375	0.3812407772028856
ec1393	0.86271249458916	0.8651779541154709	0.8193693895496447	0.8539319406982337	0.8507724794621631	0.8531616172876899	0.8656981279356282	0.8702735036824096	0.8539182204747832	0.8876478579834017	0.8681671317897184	0.8502812394034913	0.8720769557322806	0.8562816122057909	0.810307807081101	0.870484392389696	0.843647873238816	0.7993941072163819	0.8751253530527955	0.886033563274778	0.8793489958932739	0.8235890913702862	0.8786891948247584	0.5592293098305595	0.592865265135825	0.5501222929426904	0.431256622273238	0.5580825667198959	0.5235335331482006	0.5393981600589728	0.53161535022671	0.5644427981047944	0	0.573040293349412	0.5811655674913657	0.5394919866702772	0.5858165849991255	0.5673409131503556	0.5800980551216057	0.5612378432386782	0.585432711048814	0.5375666293221686	0.6541722489500548	0.6091171861425732	0.5942954208888173	0.615418697018778
ec1396	0.8745618336610513	0.8841498249093631	0.859716463302916	0.8799695516872261	0.868885033447767	0.8729992325061595	0.8865411452489135	0.880974592714423	0.8715267925679268	0.8938914162817481	0.8843115076995025	0.8679954300927601	0.8850599588258219	0.8677046206345498	0.8331151334769366	0.8874106547911563	0.8614281883262607	0.8546002434417079	0.8925234689411394	0.8946277815072696	0.8945835328458409	0.8417933707329424	0.8986023602351677	0.590035331112885	0.6414985877691245	0.4318192802132492	0.5069645210799016	0.502332708236523	0.3166796066793756	0.3285710045518376	0.5109579095966211	0.3129249023853264	0.573040293349412	0	0.5166254218388504	0.4816818573454373	0.3057107397414638	0.2741706760601915	0.4567596749873701	0.3728649713294965	0.05551106123363165	0.3444225221444459	0.6029364917039262	0.4425420374050455	0.4369167944493921	0.5115280802559443
ec1400	0.8353606224103144	0.8613538509477017	0.847440844605354	0.8374637460023711	0.820639765618548	0.8389342937268784	0.8524818763899011	0.8476282612827983	0.8377405635433265	0.8606085199907511	0.8449958744239934	0.8294229365140818	0.8453737593183376	0.8395111567511196	0.8082362117116956	0.8466399868779112	0.8219641289744902	0.8411261867905886	0.8590227614856031	0.8614245850106358	0.8662910609903578	0.798990446246724	0.8593757927235859	0.4412829010157606	0.4997441466011376	0.2569192386444786	0.4890880507247975	0.2407251301039673	0.3841671590510722	0.3543800760397589	0.5737258761448222	0.3922766757715568	0.5811655674913657	0.5166254218388504	0	0.3529450007763848	0.393736174646604	0.4128852726471466	0.2813134097447155	0.4657037639941845	0.501168905826973	0.3500378116970567	0.4415386629099541	0.4211030227484106	0.4645415853085247	0.5022299024569906
ec1409	0.8622083324154246	0.8783891100330243	0.862179983394266	0.8482978832351701	0.8483145842075155	0.8398049780924816	0.8675454956833504	0.8529638101355266	0.8524560375897939	0.8790509720376573	0.8641393894058252	0.8469447929723271	0.8687521300074941	0.8605568810341209	0.8244324036781661	0.8664928972289906	0.8412822785878076	0.8543122395576818	0.8676714106232959	0.8830296870971456	0.8807628156691294	0.8095928076157521	0.8778230696880857	0.5414997604660323	0.545894364809531	0.2937739952326048	0.4949263355287446	0.3707440075509237	0.3287675046965115	0.3291749146797276	0.6031549133809923	0.3582761712198334	0.5394919866702772	0.4816818573454373	0.3529450007763848	0	0.4849138314512053	0.3681074437782403	0.4218081494088841	0.4329687300054932	0.4703875379873919	0.3152067989215601	0.5249190621014073	0.3877084568115454	0.4241096526280781	0.450582099750348
ec1411	0.8388487603093771	0.8395433219445145	0.8161589829954641	0.8327400089852733	0.8128977841451361	0.824354079092778	0.8415354217875554	0.8391567618071404	0.8218593394703203	0.8593657003531018	0.836867194047837	0.8178746147047729	0.8377750477117379	0.8345065312042707	0.7643009987703432	0.8407324492550332	0.8041151076607268	0.8117394119908032	0.8492412775685407	0.8578251905770051	0.8520147440537246	0.7993062785514046	0.8554613755313051	0.4751455799939669	0.5644080645450599	0.4839297595881829	0.5516557993091926	0.3078990041539251	0.4528754348509549	0.4214027786839338	0.3781504414309407	0.5041901941710103	0.5858165849991255	0.3057107397414638	0.393736174646604	0.4849138314512053	0	0.4706389097054991	0.3267586127891339	0.5146498630063363	0.3222481655162705	0.4675023367705062	0.4640743663561128	0.5154654472464818	0.5308504432283303	0.5627749098378504
ec1420	0.8685966917950051	0.8902808926427934	0.866709808323272	0.8745391895579612	0.8623537041919547	0.8668809232781989	0.880346216652962	0.8756266673480763	0.8640133576145623	0.8897394038327128	0.8778187186417139	0.8611859882378349	0.8801954878332197	0.8611874167897631	0.8396858885952592	0.8807993760948886	0.8526401616940813	0.8640790343449767	0.8884287699140299	0.890473335543046	0.8902757923478628	0.8324211124226663	0.8947829305642241	0.5769230300934698	0.5891636011534233	0.2792343128185982	0.4803535823834859	0.3896820067958113	0.1161698480785813	0.1188808662795564	0.6340626666165865	0.07390138282643634	0.5673409131503556	0.2741706760601915	0.4128852726471466	0.3681074437782403	0.4706389097054991	0	0.313303518181352	0.1792160953726002	0.2918352353596159	0.1171004085482155	0.5242216875912075	0.3084129891713907	0.2848409832843329	0.3953777329928567
ec1424	0.844077918378548	0.8630231343455365	0.8364578180223352	0.8373513087755797	0.8290990495049388	0.8346457149977035	0.8540352995973025	0.8454276547393019	0.8339249467677724	0.8643237489641816	0.850468945435784	0.8319639764830421	0.8507807110495265	0.8373300900317449	0.7977100363141615	0.8523556339002653	0.8183293101559431	0.8306657843122078	0.8636902720130458	0.8644277162589318	0.8626149428429539	0.8053996441225857	0.8692164279252463	0.5169529936757176	0.5267644623201906	0.38370261410182	0.5532903525952898	0.2285072887968598	0.3604890460757983	0.3351153148562553	0.5433838626917336	0.2920206732124083	0.5800980551216057	0.4567596749873701	0.2813134097447155	0.4218081494088841	0.3267586127891339	0.313303518181352	0	0.3882342979713097	0.4692341293630232	0.3099766091687184	0.3428339278901222	0.4733929716176249	0.3835819657721477	0.4902791333928263
ec1425	0.8457025932405154	0.872112062303144	0.8457294050445721	0.8525943394229705	0.8384325629217418	0.8452000769207159	0.8596555722088134	0.8539336456205335	0.8503169728487375	0.8732476375918731	0.8654287018538341	0.8372787993418802	0.8579314382461536	0.8390760200936199	0.8156076728094287	0.8656167018922645	0.827170937125646	0.8468290631952551	0.8683348305363331	0.8696721974011243	0.8704333855228996	0.8077233474799018	0.876026146395528	0.5595408832525387	0.5617144193240315	0.3765376592466897	0.4613290002596651	0.4485343300093181	0.2476753568659123	0.2536519506560057	0.6215733388949116	0.2295874980638158	0.5612378432386782	0.3728649713294965	0.4657037639941845	0.4329687300054932	0.5146498630063363	0.1792160953726002	0.3882342979713097	0	0.3850190405108053	0.2517257225589651	0.5545041972435653	0.3948897227539275	0.3606818911123977	0.4543787165048742
ec1427	0.8717072915372145	0.8850625538766161	0.8591065011499578	0.8789138587815146	0.8659390095192758	0.8742608297764343	0.8800392878126272	0.8754964999742962	0.8681428114092186	0.8890527097283168	0.8800877009992751	0.8617331682978587	0.8834710178462574	0.8690467909782087	0.8302254292846373	0.8830166563617933	0.8605518561883581	0.8560662756896483	0.8878112937253649	0.8921358956657383	0.8920050585288271	0.8410204048012385	0.8939235863420274	0.5683936077454189	0.6249622874745425	0.4159684433918098	0.4840399208938648	0.4782600810199652	0.3515658230890641	0.3447344077976346	0.5082874805142774	0.3310649600587946	0.585432711048814	0.05551106123363165	0.501168905826973	0.4703875379873919	0.3222481655162705	0.2918352353596159	0.4692341293630232	0.3850190405108053	0	0.3588752954169591	0.5783435799717351	0.4275817577966898	0.4603617466350519	0.4874472104960555
ec1438	0.8750270551344052	0.8900525786944933	0.8724576164423441	0.8675447662674826	0.8620287406639884	0.8665699128227639	0.8803027500414566	0.8826769748206272	0.8649399925582776	0.8968653580133726	0.8775632296897409	0.8621628529193248	0.8801486285037712	0.8692465446365722	0.8397797543817913	0.8805357465988702	0.8539334383397249	0.8704515368692192	0.8892336244741502	0.895152757882993	0.8957077467275082	0.8323562970413719	0.8945554867750524	0.5765822145203644	0.5878647903733235	0.2145008686207928	0.4387536249810159	0.3901617078660828	0.1185192482580484	0.1182385948791639	0.6334325037985187	0.07099135213514682	0.5375666293221686	0.3444225221444459	0.3500378116970567	0.3152067989215601	0.4675023367705062	0.1171004085482155	0.3099766091687184	0.2517257225589651	0.3588752954169591	0	0.5097069144880787	0.312898933585087	0.2834055455913275	0.3802959836227929
eti111	0.7752126075826563	0.8016269591661751	0.7640122300775248	0.7645702935176657	0.7448534314791782	0.7572331476404709	0.7896582883962801	0.7723300329092709	0.7708404219932202	0.8022917207199037	0.7799210072688669	0.7533916005173592	0.771943897205011	0.7751138534483022	0.7269588696447855	0.7718737747252831	0.7493254851290071	0.7636308236474602	0.7987146758549526	0.7900861856826437	0.8008218024153338	0.7179487847823049	0.7980383415225306	0.5669276311502476	0.587743083861833	0.5193326320357429	0.6132200567402568	0.3944272905776812	0.5364289183602305	0.5205003635077394	0.5886526983689421	0.5156226810987952	0.6541722489500548	0.6029364917039262	0.4415386629099541	0.5249190621014073	0.4640743663561128	0.5242216875912075	0.3428339278901222	0.5545041972435653	0.5783435799717351	0.5097069144880787	0	0.4597049271068023	0.4665219107560727	0.5007174549190223
eti114	0.839878290923691	0.8623800592905196	0.8460254952358212	0.8433450144550346	0.824076773255684	0.8324859272422347	0.8473775036821005	0.8386759694563005	0.8290416987057905	0.8632453642084088	0.8465107603358003	0.8178205198325504	0.8478693959070438	0.8394638750887821	0.806589711967206	0.8469142659693453	0.8182809166353535	0.8416905567987414	0.858553245446394	0.8636014021575744	0.862214606401094	0.7968199349984166	0.8610244636029123	0.5594663902710528	0.6092459780742973	0.3528116198909884	0.517097109643046	0.4513819745441325	0.2915035358784949	0.3136057035411641	0.6482142535408952	0.3453338593344153	0.6091171861425732	0.4425420374050455	0.4211030227484106	0.3877084568115454	0.5154654472464818	0.3084129891713907	0.4733929716176249	0.3948897227539275	0.4275817577966898	0.312898933585087	0.4597049271068023	0	0.4209705424885108	0.4464298177699791
eti123	0.8473707905091999	0.8728379327352731	0.8524530098584815	0.8469174408868468	0.8366718481003037	0.8435046239414703	0.8664456850447906	0.8539070514020194	0.8528778789932494	0.8705113069494238	0.8628109323470146	0.8457342029099286	0.8591601844867005	0.8399578743031024	0.8245870578901767	0.8651911311268153	0.8321428066829151	0.8450618008193386	0.8701363590101895	0.8703836079815371	0.8716766755833929	0.814699982537666	0.8756532819589412	0.625830453284553	0.6460262773967687	0.3550952334984152	0.5405941082227016	0.4977055547036832	0.325057118157824	0.3100837399769179	0.6775105997789336	0.258089991210375	0.5942954208888173	0.4369167944493921	0.4645415853085247	0.4241096526280781	0.5308504432283303	0.2848409832843329	0.3835819657721477	0.3606818911123977	0.4603617466350519	0.2834055455913275	0.4665219107560727	0.4209705424885108	0	0.4593166058839441
eti135	0.8141739658517229	0.8472239689379176	0.8228277276204257	0.8126894156550468	0.8011971528981655	0.8168547190887839	0.8314104966858878	0.8249878232767364	0.8160953681415851	0.846048910158089	0.8278895368889336	0.8042191306879688	0.8293091240712097	0.8188789650269204	0.786424143371265	0.8335728186359433	0.8118644688735485	0.8287912253283289	0.8425774419106926	0.8459613200782411	0.8497661626135139	0.7781387233326847	0.8450369506392922	0.5737902960051615	0.6172550205678293	0.4318649366793652	0.5090745961712535	0.5106436359696258	0.4213157034866359	0.4201149324320999	0.656287431996177	0.3812407772028856	0.615418697018778	0.5115280802559443	0.5022299024569906	0.450582099750348	0.5627749098378504	0.3953777329928567	0.4902791333928263	0.4543787165048742	0.4874472104960555	0.3802959836227929	0.5007174549190223	0.4464298177699791	0.4593166058839441	0
