	ec1306	ec1322	ec1341	ec1350	ec1353	ec1354	ec1357	ec1367	ec1369	ec1382	ec1384	ec1386	ec1398	ec1401	ec1403	ec1404	ec1412	ec1417	ec1419	ec1430	ec1433	ec1441	ec1449	ec1450	ec1460	ec1468	ec1490	ec1492	ec1497	ec1498	ec1500	ec1505	ec1508	ec1514	ec1524	ec1526	ec1530	eti122	eti124	eti126	eti149	eti153	eti154	eti156	eti161	eti165	eti166	eti167
ec1306	0	0.4811293147347573	0.4562314556854385	0.513361642120629	0.4705169246702774	0.4826318017204416	0.4792915480210218	0.4972030407269002	0.479695984284907	0.5649033000545626	0.5191152125778554	0.3106686285552648	0.2730473195195123	0.5019580086284835	0.4887216973017341	0.3765549630049417	0.5556111623392098	0.6190791833462256	0.502108468199297	0.4752667796721846	0.4613327528625178	0.7935725406302362	0.7906906732892994	0.4608304427368619	0.6763470649304643	0.5159512100184623	0.5157948286842835	0.5198964230905898	0.4674777630711998	0.6011817672464858	0.5295611025776009	0.494088300695579	0.5660412107864559	0.5168448009707444	0.5035079767212217	0.4338065305654228	0.6896909439234269	0.5361976657382312	0.5065510049508349	0.5214900407980526	0.5879425306413325	0.5635730209388996	0.5117462461420494	0.661326585422397	0.5470972089562326	0.6215855684219566	0.5030720481129196	0.3636692934476329
ec1322	0.4811293147347573	0	0.4427458962699179	0.452682308516208	0.5926623356408511	0.5949542854726636	0.2715054546210874	0.3949830560626925	0.2567008426355385	0.4078346226445767	0.3387826678238983	0.4632268921042951	0.3968646419706456	0.6104630706247681	0.2687103188066874	0.4401095594882426	0.3485519001882571	0.606173545966239	0.2935451725873067	0.2411200070973658	0.5011885272673952	0.8535088515530831	0.8110066862911615	0.6069646230931397	0.6905295814714966	0.3149369679154013	0.4102606154995136	0.3287871353461553	0.5799550239863251	0.7002640541241779	0.3468404818909671	0.2919657504650818	0.4648547377172984	0.3130104156551706	0.2933211453259499	0.5057614909904269	0.7367095983161224	0.3668005928260362	0.3174966227142306	0.338645594708991	0.6800086217998701	0.4983075592087046	0.2599252202703919	0.6752103150596392	0.4402079817661913	0.5270170768189357	0.6072078173557121	0.4911718680946573
ec1341	0.4562314556854385	0.4427458962699179	0	0.4817270037392193	0.5862070988818762	0.4844288296664722	0.4077593410642551	0.4512482497831612	0.3896719662653892	0.5315102549757608	0.4516484890052185	0.4699435014266209	0.4208822213466347	0.6118127666750476	0.4034552325735591	0.4632670083065201	0.4911505045561846	0.6221834833930421	0.4189157508403611	0.3827330706324722	0.5668573667624761	0.8367892202202238	0.7960279868227141	0.5927679463963023	0.6975927755039742	0.4506059963066801	0.4621574018636854	0.459232130950832	0.5723000195337813	0.6969711168078022	0.4715418452609886	0.407941668391992	0.5675389980225719	0.4517747464755873	0.4383988227496564	0.5043887950224339	0.7266405674547087	0.4801806327706414	0.4418319627075627	0.4616179513573813	0.6792173803037324	0.5552282356085608	0.4851462619108907	0.6796646854198826	0.5174357356988175	0.5945091025591023	0.4491024746844334	0.5069052320546312
ec1350	0.513361642120629	0.452682308516208	0.4817270037392193	0	0.5149929340779373	0.5837050224335566	0.3709638198535055	0.3461629107375093	0.3591347197613267	0.4341344322006727	0.2785362379960905	0.5412258536573898	0.5046672350949257	0.6706287417028149	0.3665690715627516	0.4634926775302293	0.4629806051956648	0.5744872220710945	0.3438203182270087	0.4019279441347229	0.5836353987200021	0.824509863578149	0.7849560840425723	0.6188630898643271	0.6639576968747248	0.3659320357271792	0.4066865520824233	0.3741379677046828	0.5717555231984927	0.6361585065913495	0.3901040280686834	0.3894981184896245	0.5265428473344174	0.4366752373806901	0.4329943696875929	0.5515789801140045	0.6821714048889215	0.3096384948664286	0.3854185176672812	0.4201449282083056	0.6368755944706651	0.4113925450570624	0.4543836592591829	0.6397680819707255	0.4112418442130423	0.5601845355706888	0.6239171142193731	0.4893412711044285
ec1353	0.4705169246702774	0.5926623356408511	0.5862070988818762	0.5149929340779373	0	0.4567583570037823	0.5797093617084492	0.5696589644918405	0.5830064393648202	0.4834905388508405	0.5610595539519252	0.4901346301013166	0.4543592600909236	0.4986454919516496	0.5878656957418501	0.4254813520241955	0.4922261598319274	0.5549683807161603	0.5926009588631382	0.6108623735534809	0.4328518206059501	0.7204964430726054	0.7474795740135464	0.5496112792148895	0.5977211361715642	0.5905329854130031	0.5804319841303992	0.5742405253877848	0.5101057527557339	0.5671144990924938	0.5879112790122246	0.5974994088020059	0.5765720518114102	0.6134363628228531	0.6172352862332231	0.5235362874879633	0.6458591634132967	0.5588497935981235	0.5826795621683688	0.6011303219325793	0.5159781984456684	0.6317498997822583	0.5752658800789475	0.6215249115013141	0.5867130628286971	0.6465975301738757	0.477427821194175	0.4431819058573935
ec1354	0.4826318017204416	0.5949542854726636	0.4844288296664722	0.5837050224335566	0.4567583570037823	0	0.6099439288162668	0.599539988316614	0.6295077154749189	0.4826017182461059	0.5989087046371301	0.5133118275680486	0.4919064236118186	0.4382760864630905	0.6288646611529898	0.5200861615676787	0.5031501495204139	0.4971531705927797	0.6093457842526082	0.623502303497805	0.4193230027209081	0.7368106214780946	0.7388709934934554	0.5621712777451218	0.5712619968935365	0.6071360424490896	0.6389731391707222	0.6087141563017625	0.5851284729392109	0.5287479129445295	0.6133298341932008	0.635070024854587	0.5335651477633626	0.6491453360125626	0.6508816440954734	0.5737566191074547	0.6079386201011723	0.5740229115081537	0.6162359090028525	0.6517056940900952	0.518614683617437	0.5889895044492413	0.6175260247510261	0.5591283497479419	0.6319821307397971	0.708700334004971	0.3455096884518378	0.5321482057154353
ec1357	0.4792915480210218	0.2715054546210874	0.4077593410642551	0.3709638198535055	0.5797093617084492	0.6099439288162668	0	0.2556356199515108	0.1488554094856144	0.3387715835804815	0.1885904339502312	0.3956013129388428	0.3201924431239254	0.6451027919750327	0.1538268913478322	0.3568943894707436	0.3415108759856974	0.6147564472453517	0.1916706759388885	0.1088330363864953	0.4971648682833588	0.8705235426986024	0.8315029209654957	0.5085910997111803	0.7119708380571077	0.1286491228121988	0.3408863570856546	0.1521994422280749	0.549149179503211	0.7170976969734562	0.1764349518648873	0.1652570263449554	0.522944980927771	0.1731803878748375	0.1728425652191822	0.46836175944685	0.7468092812598447	0.3213525146985326	0.1815324329411144	0.2554222533428365	0.70440446746429	0.4708262891704738	0.3373762554596643	0.6970337548869545	0.3437395517846826	0.4836315945127836	0.6161096806323689	0.4353517973690496
ec1367	0.4972030407269002	0.3949830560626925	0.4512482497831612	0.3461629107375093	0.5696589644918405	0.599539988316614	0.2556356199515108	0	0.3316802144297987	0.3769710148589206	0.2845287838312887	0.4778868630998788	0.4348394212674089	0.6515636018278	0.335961784483185	0.4533322513091892	0.4507004758194976	0.6212469150027845	0.3573122515950437	0.3093811647427508	0.5529080579187526	0.8533436553926853	0.8176291948296904	0.5757577102315542	0.6986720313182824	0.2909852389544622	0.3766264940121525	0.301849563814451	0.5996580866826151	0.6937980210836588	0.3179745361127887	0.3474348756324662	0.4902834726409265	0.3394201341486205	0.337662249061281	0.5496813761146476	0.7225621221259226	0.3134012807291813	0.3040304046245317	0.390141795001861	0.6912075024093277	0.4353944463843717	0.4372767042138571	0.6926726496195517	0.4173684013964993	0.5307767353627646	0.6263246543466593	0.50716307777289
ec1369	0.479695984284907	0.2567008426355385	0.3896719662653892	0.3591347197613267	0.5830064393648202	0.6295077154749189	0.1488554094856144	0.3316802144297987	0	0.3976990977093904	0.181743481443623	0.4013164335844031	0.3235817774899757	0.6427484781388325	0.03126062498628236	0.3346895166976957	0.2554762564296493	0.6164735866760451	0.07952431264959869	0.07498718389324108	0.546866445409395	0.8623693433242543	0.8202548855947359	0.5532711117659986	0.7249357659459902	0.21479473244476	0.3540157157666718	0.2373254289248783	0.4985655375890171	0.7124794475592031	0.2607654158237918	0.05811855559664884	0.5265065330077071	0.2194559457981405	0.1821143516692004	0.4024487782201342	0.7489490097149544	0.3771785554729114	0.2309645204000477	0.1838379948871607	0.6987324466939451	0.5044243773026919	0.2790427871300828	0.6918824272686221	0.3179644621745655	0.4962587931488647	0.5755937401354259	0.3922176474933222
ec1382	0.5649033000545626	0.4078346226445767	0.5315102549757608	0.4341344322006727	0.4834905388508405	0.4826017182461059	0.3387715835804815	0.3769710148589206	0.3976990977093904	0	0.3351753014760778	0.5115294942275026	0.4931587814335748	0.5968663560565834	0.403171234282811	0.500016282940715	0.209623632111423	0.5276407547822505	0.4147499755360245	0.3837353613338763	0.4508761194326538	0.8271251337075037	0.7846314562182827	0.6065442265310516	0.6481902674605499	0.3750937380109776	0.4819426040700537	0.3842719939257639	0.6227733603178499	0.6599477584568672	0.3911618006637251	0.4142957989034103	0.4616260993062438	0.4116757289461115	0.416250700768249	0.5834903862907007	0.6925095176859055	0.3693089486568823	0.3740041492828453	0.4512773448237588	0.6468410482665528	0.5303004791206201	0.445323418336977	0.6432089549778727	0.4622220537143183	0.5720496219765547	0.5681557964668914	0.5489250623922932
ec1384	0.5191152125778554	0.3387826678238983	0.4516484890052185	0.2785362379960905	0.5610595539519252	0.5989087046371301	0.1885904339502312	0.2845287838312887	0.181743481443623	0.3351753014760778	0	0.4497801198773005	0.3830764198765085	0.6612862195088226	0.1983970639671257	0.360998781020118	0.3567344750083154	0.5966758304062083	0.2241796317612095	0.2347218167018956	0.5298067856754105	0.8657122217732761	0.8254938380085233	0.5353265194881921	0.720719095203022	0.1665503591671793	0.4049066458458325	0.1918251313064626	0.544413037734378	0.7110177602741384	0.214827070892916	0.1913012131162908	0.5550684110887167	0.2803059061541169	0.2805681837859965	0.4680910907224974	0.7407524105190249	0.2937813467739041	0.2501073252983256	0.2743452417892908	0.6946993729479313	0.4323103523908198	0.3538624235240887	0.6929636002617836	0.3414624485185634	0.5269906553194955	0.6124183874944984	0.4451710504036646
ec1386	0.3106686285552648	0.4632268921042951	0.4699435014266209	0.5412258536573898	0.4901346301013166	0.5133118275680486	0.3956013129388428	0.4778868630998788	0.4013164335844031	0.5115294942275026	0.4497801198773005	0	0.125012596814775	0.5265108722784908	0.4102337874918163	0.2862536144580649	0.5109988578411468	0.6500719231568196	0.4307178900939606	0.3838263822353893	0.3879823704749161	0.8084098868752635	0.8223642555486801	0.3499595803288537	0.700433644361747	0.4292379929060756	0.5030777343439017	0.4442976387279086	0.398285004958941	0.6583251952029862	0.4555288208693067	0.4037841713772276	0.5998183213718542	0.4305029368601014	0.4047739634728003	0.3509572998468318	0.7320282828955761	0.5265739161157168	0.4309372154931063	0.453017912983456	0.6316333746807642	0.5947614733687197	0.50448473134467	0.6950238088786953	0.5236660794635645	0.5904558575764624	0.4960555518721704	0.2674028242674997
ec1398	0.2730473195195123	0.3968646419706456	0.4208822213466347	0.5046672350949257	0.4543592600909236	0.4919064236118186	0.3201924431239254	0.4348394212674089	0.3235817774899757	0.4931587814335748	0.3830764198765085	0.125012596814775	0	0.5019779453473283	0.3346751717264598	0.2094677470226216	0.4572667809216405	0.6286287851782062	0.3589031640658802	0.3036358927866253	0.395708799412674	0.8206865101577367	0.8215814707358561	0.2948796669376047	0.6943328955609503	0.3566717916516587	0.4535345060742257	0.3702810281430891	0.3568862133693986	0.6574536714255136	0.3911837699023856	0.3328220653392988	0.584580773577956	0.3582384172206218	0.3374054772049392	0.288344190877573	0.7363551450425636	0.4692824353087461	0.3756774959281599	0.3869214186704278	0.6298390870914277	0.5696544318307822	0.4471149587491852	0.6920853106497658	0.4936543201514724	0.5572231400638689	0.4580621949616626	0.1983007666348186
ec1401	0.5019580086284835	0.6104630706247681	0.6118127666750476	0.6706287417028149	0.4986454919516496	0.4382760864630905	0.6451027919750327	0.6515636018278	0.6427484781388325	0.5968663560565834	0.6612862195088226	0.5265108722784908	0.5019779453473283	0	0.6408345946880939	0.4910199214000792	0.5682231466094582	0.4753020842700386	0.6471914230426724	0.6357622342966417	0.4543148890764231	0.737144972507017	0.7600147055933256	0.6022166373576446	0.6175267155220324	0.6596305871129097	0.6544590802768548	0.6455006086403322	0.552533395995133	0.5850960784147609	0.6595147835001505	0.6382826153529217	0.5503673804159455	0.659320799714964	0.6527865095208559	0.5310024033488635	0.6562141317441165	0.6435412569151984	0.6639069756913597	0.666173830848787	0.5231684476790115	0.6606041616321908	0.6079580667747426	0.6280288259054534	0.666024888353728	0.7079580944212611	0.5058403023583807	0.5490042698383767
ec1403	0.4887216973017341	0.2687103188066874	0.4034552325735591	0.3665690715627516	0.5878656957418501	0.6288646611529898	0.1538268913478322	0.335961784483185	0.03126062498628236	0.403171234282811	0.1983970639671257	0.4102337874918163	0.3346751717264598	0.6408345946880939	0	0.3490258220426679	0.2516525428008271	0.6224860747810407	0.0732736972186297	0.06773433415375585	0.5517984634333656	0.8621354759884328	0.8198828563301153	0.5499781198641818	0.7288154171634798	0.2212801626329733	0.3623499142982154	0.245061282765136	0.4968541897804283	0.711542950327039	0.2699777529096213	0.04786083096215929	0.5305996477837496	0.2259215519969288	0.1888331921222197	0.4032440361638216	0.7512924124152246	0.3885637590791748	0.2469497360229966	0.200293950744791	0.6976726994653644	0.5133773811623555	0.2857648918427228	0.6907877404759651	0.3148263880382152	0.4998816261139487	0.5766091020050597	0.3996253533328606
ec1404	0.3765549630049417	0.4401095594882426	0.4632670083065201	0.4634926775302293	0.4254813520241955	0.5200861615676787	0.3568943894707436	0.4533322513091892	0.3346895166976957	0.500016282940715	0.360998781020118	0.2862536144580649	0.2094677470226216	0.4910199214000792	0.3490258220426679	0	0.4525717305641351	0.5763062887359317	0.361997488696168	0.37903237878421	0.3580285218353311	0.7985304272918246	0.809159849028839	0.3906981871925314	0.6730338576829776	0.391984210784059	0.5031512065668615	0.3680823683285878	0.3360345627930704	0.6213877390590993	0.3900422942518492	0.3660901557624842	0.6106826667416345	0.4228136382776432	0.4202111900560673	0.2236711104632098	0.7082311401322943	0.4834126713911055	0.3723364818199294	0.4003620644405781	0.5615461670750146	0.5715856203251189	0.4229008994097652	0.6606614654013502	0.4232627603711103	0.5701990783275457	0.4917691255461327	0.2775683568889345
ec1412	0.5556111623392098	0.3485519001882571	0.4911505045561846	0.4629806051956648	0.4922261598319274	0.5031501495204139	0.3415108759856974	0.4507004758194976	0.2554762564296493	0.209623632111423	0.3567344750083154	0.5109988578411468	0.4572667809216405	0.5682231466094582	0.2516525428008271	0.4525717305641351	0	0.5019619904619284	0.2770207476720756	0.2892621255246265	0.4677501103688417	0.820554285050126	0.7711649439428282	0.6260360794998716	0.6565286575688544	0.3884184235517168	0.4695425299512593	0.4012950023252858	0.5665800372664687	0.656091533442979	0.4189522845902398	0.274346056966096	0.4464181876718182	0.391499361270768	0.3727511027476957	0.4967907262552011	0.7020686874066264	0.4415519975926973	0.3931165455491022	0.3612602891526948	0.6356035199525629	0.5785975614514549	0.3590273414896921	0.6295888397285693	0.4265963722750777	0.5703915197126896	0.497670563130986	0.4987766141709779
ec1417	0.6190791833462256	0.606173545966239	0.6221834833930421	0.5744872220710945	0.5549683807161603	0.4971531705927797	0.6147564472453517	0.6212469150027845	0.6164735866760451	0.5276407547822505	0.5966758304062083	0.6500719231568196	0.6286287851782062	0.4753020842700386	0.6224860747810407	0.5763062887359317	0.5019619904619284	0	0.6075733121156814	0.6428976766045869	0.5186762724353452	0.7675607361968793	0.7384535869854845	0.7036202873216535	0.5946165632706537	0.6170959093126147	0.6605899059286001	0.60198136475833	0.6177186529471974	0.5917128353279404	0.6151255084740407	0.6292736613814901	0.5766562987418462	0.658424939282887	0.6595087377325671	0.5735804108520866	0.6279395097778423	0.580148142628217	0.6320551089078904	0.6450654322515711	0.5963600065708481	0.6167954541665411	0.5538086494673735	0.5577633400302383	0.6112743323056653	0.7012437423878655	0.5762742381701844	0.6371555596784646
ec1419	0.502108468199297	0.2935451725873067	0.4189157508403611	0.3438203182270087	0.5926009588631382	0.6093457842526082	0.1916706759388885	0.3573122515950437	0.07952431264959869	0.4147499755360245	0.2241796317612095	0.4307178900939606	0.3589031640658802	0.6471914230426724	0.0732736972186297	0.361997488696168	0.2770207476720756	0.6075733121156814	0	0.1158729742451276	0.5617123101351386	0.8560100053721629	0.8178772756699173	0.5659881925308725	0.7165218260596649	0.2619598539810825	0.3792178998171753	0.2797928288158738	0.5041255552746112	0.6989125637673633	0.2954306356684252	0.09972450952382912	0.5331958427751049	0.2576608747295202	0.2351817676337674	0.4168199430871218	0.7424609587371483	0.3625175175595248	0.264325587603677	0.2216097794055006	0.6863471378491782	0.4964306332077116	0.3109468405375308	0.6756990651035925	0.3075293697059883	0.512359208399455	0.5774040464049562	0.4121422244954905
ec1430	0.4752667796721846	0.2411200070973658	0.3827330706324722	0.4019279441347229	0.6108623735534809	0.623502303497805	0.1088330363864953	0.3093811647427508	0.07498718389324108	0.3837353613338763	0.2347218167018956	0.3838263822353893	0.3036358927866253	0.6357622342966417	0.06773433415375585	0.37903237878421	0.2892621255246265	0.6428976766045869	0.1158729742451276	0	0.5441307219605745	0.8688482894004703	0.8295491600645944	0.5292971047399673	0.7264939524649091	0.1868095343461036	0.34067377870488	0.2107992298463344	0.5215563468737434	0.7235694775254868	0.2332803272473999	0.09268580639005741	0.5253081916816241	0.1893907154850032	0.1509094824893993	0.4291511915381043	0.7633979736778832	0.3654010705141987	0.2075896558412096	0.2361813809565561	0.711196654795709	0.5032918629935658	0.3188085428192851	0.703781043283032	0.3517086273274988	0.4876108363887561	0.5977015021080694	0.4350291718572718
ec1433	0.4613327528625178	0.5011885272673952	0.5668573667624761	0.5836353987200021	0.4328518206059501	0.4193230027209081	0.4971648682833588	0.5529080579187526	0.546866445409395	0.4508761194326538	0.5298067856754105	0.3879823704749161	0.395708799412674	0.4543148890764231	0.5517984634333656	0.3580285218353311	0.4677501103688417	0.5186762724353452	0.5617123101351386	0.5441307219605745	0	0.7609231344502223	0.7738254641402261	0.5017583137451038	0.6108231189107058	0.5284499899031568	0.6094543455709595	0.5344446937338898	0.4989568830873218	0.5678761999641013	0.5451703186361573	0.5549827308599263	0.524210920999542	0.5595790616683763	0.562050918179239	0.4290784644220385	0.6588346939551772	0.5477534682778648	0.5380016370935581	0.5730213213597865	0.5336510838807211	0.6069427884829355	0.5175292180733707	0.5984704005593431	0.5987340543612611	0.66530399700439	0.4664331682937794	0.4748732127239317
ec1441	0.7935725406302362	0.8535088515530831	0.8367892202202238	0.824509863578149	0.7204964430726054	0.7368106214780946	0.8705235426986024	0.8533436553926853	0.8623693433242543	0.8271251337075037	0.8657122217732761	0.8084098868752635	0.8206865101577367	0.737144972507017	0.8621354759884328	0.7985304272918246	0.820554285050126	0.7675607361968793	0.8560100053721629	0.8688482894004703	0.7609231344502223	0	0.6858874974122215	0.8439308926713246	0.5553177252905908	0.8755836464390795	0.8365697216894243	0.8684002603927236	0.7904166454895665	0.6398979342302283	0.8660772442295702	0.8632191288058729	0.7676059347773324	0.8756492801800676	0.8759032962235688	0.8088573231308314	0.6589692585139378	0.8491032076620439	0.8633590167105597	0.8613772343415355	0.6992728389171809	0.8377641407770148	0.8296805541719189	0.7263687594645	0.8345419983714003	0.8305524049787277	0.7666634830877976	0.8021580149439538
ec1449	0.7906906732892994	0.8110066862911615	0.7960279868227141	0.7849560840425723	0.7474795740135464	0.7388709934934554	0.8315029209654957	0.8176291948296904	0.8202548855947359	0.7846314562182827	0.8254938380085233	0.8223642555486801	0.8215814707358561	0.7600147055933256	0.8198828563301153	0.809159849028839	0.7711649439428282	0.7384535869854845	0.8178772756699173	0.8295491600645944	0.7738254641402261	0.6858874974122215	0	0.8646040058777507	0.6543644751117837	0.8394690642190875	0.7923789528294224	0.8317370804633343	0.8070443945753635	0.6881188166554513	0.8281468754630709	0.8182294896784114	0.7154793734797804	0.8395716579929395	0.8382966869166729	0.8201497194266137	0.6963788149080686	0.8106491328889156	0.8228711733421389	0.8176682887859382	0.6661469179094374	0.7923497661157268	0.786131990252967	0.705246979926952	0.780482303125422	0.7332187758676753	0.7253551739622803	0.8107730695214135
ec1450	0.4608304427368619	0.6069646230931397	0.5927679463963023	0.6188630898643271	0.5496112792148895	0.5621712777451218	0.5085910997111803	0.5757577102315542	0.5532711117659986	0.6065442265310516	0.5353265194881921	0.3499595803288537	0.2948796669376047	0.6022166373576446	0.5499781198641818	0.3906981871925314	0.6260360794998716	0.7036202873216535	0.5659881925308725	0.5292971047399673	0.5017583137451038	0.8439308926713246	0.8646040058777507	0	0.7571758723759568	0.4949806829269802	0.6212642191825041	0.5118290946317169	0.4849262003355412	0.7135341404403684	0.5223855544159779	0.534911782042329	0.7143472794029424	0.5397791240914347	0.5398219881523141	0.4527928224954122	0.7885581503163153	0.5860986687923002	0.5504573829750961	0.602079911216638	0.6818327874394208	0.6515004625389993	0.6310622366533675	0.7486367852767699	0.6081710478877914	0.6890441086171433	0.5735543986451963	0.3753666051537598
ec1460	0.6763470649304643	0.6905295814714966	0.6975927755039742	0.6639576968747248	0.5977211361715642	0.5712619968935365	0.7119708380571077	0.6986720313182824	0.7249357659459902	0.6481902674605499	0.720719095203022	0.700433644361747	0.6943328955609503	0.6175267155220324	0.7288154171634798	0.6730338576829776	0.6565286575688544	0.5946165632706537	0.7165218260596649	0.7264939524649091	0.6108231189107058	0.5553177252905908	0.6543644751117837	0.7571758723759568	0	0.7175893219286991	0.6734554149721965	0.7042615784935796	0.7108946998257556	0.5328937123858584	0.7076555120551615	0.7311377416534534	0.6083036882739042	0.7290844733590789	0.7296175354120633	0.7222555480268454	0.560746094191973	0.6728173341914823	0.7037684660937721	0.7219110397136933	0.6016252453982012	0.6666020087086254	0.6767326532887218	0.5950401075128348	0.7051795739879912	0.6905631289556153	0.6414580798041535	0.6927187986180653
ec1468	0.5159512100184623	0.3149369679154013	0.4506059963066801	0.3659320357271792	0.5905329854130031	0.6071360424490896	0.1286491228121988	0.2909852389544622	0.21479473244476	0.3750937380109776	0.1665503591671793	0.4292379929060756	0.3566717916516587	0.6596305871129097	0.2212801626329733	0.391984210784059	0.3884184235517168	0.6170959093126147	0.2619598539810825	0.1868095343461036	0.5284499899031568	0.8755836464390795	0.8394690642190875	0.4949806829269802	0.7175893219286991	0	0.333955551058755	0.05965195648898924	0.5723936465512325	0.7257800806719219	0.1012541860955144	0.2217290574706622	0.5357926057288415	0.1539462304340236	0.147958143106007	0.4965360605474568	0.756101554424891	0.3052444290014575	0.2187267738429714	0.3054409152880493	0.7108208947110582	0.4141952084987741	0.3585107035600745	0.7104952881570399	0.3668610227455676	0.4802687590346105	0.6342954507458514	0.4363428262834453
ec1490	0.5157948286842835	0.4102606154995136	0.4621574018636854	0.4066865520824233	0.5804319841303992	0.6389731391707222	0.3408863570856546	0.3766264940121525	0.3540157157666718	0.4819426040700537	0.4049066458458325	0.5030777343439017	0.4535345060742257	0.6544590802768548	0.3623499142982154	0.5031512065668615	0.4695425299512593	0.6605899059286001	0.3792178998171753	0.34067377870488	0.6094543455709595	0.8365697216894243	0.7923789528294224	0.6212642191825041	0.6734554149721965	0.333955551058755	0	0.3458210918144667	0.5724364509933829	0.7095220496101745	0.3624509634080978	0.3654517103131583	0.5386734675117547	0.3249987342985323	0.3121635407675203	0.5579720532411593	0.7287894617196181	0.3904559443962761	0.3753704063237236	0.4008711354608843	0.6829985683965565	0.4778458036648701	0.4380987252693329	0.6724517386114136	0.4583553747083505	0.4625614352791847	0.6258145551710097	0.448663861048932
ec1492	0.5198964230905898	0.3287871353461553	0.459232130950832	0.3741379677046828	0.5742405253877848	0.6087141563017625	0.1521994422280749	0.301849563814451	0.2373254289248783	0.3842719939257639	0.1918251313064626	0.4442976387279086	0.3702810281430891	0.6455006086403322	0.245061282765136	0.3680823683285878	0.4012950023252858	0.60198136475833	0.2797928288158738	0.2107992298463344	0.5344446937338898	0.8684002603927236	0.8317370804633343	0.5118290946317169	0.7042615784935796	0.05965195648898924	0.3458210918144667	0	0.5766505140273985	0.7115634126755506	0.08920844773151204	0.2460427144379142	0.5452213241855391	0.1902284110910458	0.1811647483995574	0.5035778549324268	0.7422376650525585	0.3209219295752167	0.2336136193444002	0.3186358484457522	0.6997649268286105	0.4286663024614387	0.3308949968999302	0.7024788136920129	0.3417842528176683	0.459581894439207	0.6378660563887968	0.4427101231392213
ec1497	0.4674777630711998	0.5799550239863251	0.5723000195337813	0.5717555231984927	0.5101057527557339	0.5851284729392109	0.549149179503211	0.5996580866826151	0.4985655375890171	0.6227733603178499	0.544413037734378	0.398285004958941	0.3568862133693986	0.552533395995133	0.4968541897804283	0.3360345627930704	0.5665800372664687	0.6177186529471974	0.5041255552746112	0.5215563468737434	0.4989568830873218	0.7904166454895665	0.8070443945753635	0.4849262003355412	0.7108946998257556	0.5723936465512325	0.5724364509933829	0.5766505140273985	0	0.6666957145989117	0.5773187076166733	0.4946971748680467	0.6778486917216876	0.5710501848992792	0.5612213882132501	0.1988762101871434	0.7411818024055896	0.6278512386488484	0.5639175647431613	0.5482943589425364	0.6108548515077288	0.6436205526767407	0.5714105361221822	0.6803477681849881	0.5709193765689575	0.6539380162024343	0.5172925544897914	0.3355012620649888
ec1498	0.6011817672464858	0.7002640541241779	0.6969711168078022	0.6361585065913495	0.5671144990924938	0.5287479129445295	0.7170976969734562	0.6937980210836588	0.7124794475592031	0.6599477584568672	0.7110177602741384	0.6583251952029862	0.6574536714255136	0.5850960784147609	0.711542950327039	0.6213877390590993	0.656091533442979	0.5917128353279404	0.6989125637673633	0.7235694775254868	0.5678761999641013	0.6398979342302283	0.6881188166554513	0.7135341404403684	0.5328937123858584	0.7257800806719219	0.7095220496101745	0.7115634126755506	0.6666957145989117	0	0.7056048053677514	0.7173114628313602	0.5947073582721616	0.7393249470780073	0.7416115854931001	0.6649478804687147	0.4624431764639904	0.6835186361238982	0.7070388220883653	0.7230282935315892	0.466746974127198	0.6631425899150893	0.6582401086875805	0.482634759707537	0.6342256048165639	0.7291602127197697	0.5858157112026151	0.612935575496621
ec1500	0.5295611025776009	0.3468404818909671	0.4715418452609886	0.3901040280686834	0.5879112790122246	0.6133298341932008	0.1764349518648873	0.3179745361127887	0.2607654158237918	0.3911618006637251	0.214827070892916	0.4555288208693067	0.3911837699023856	0.6595147835001505	0.2699777529096213	0.3900422942518492	0.4189522845902398	0.6151255084740407	0.2954306356684252	0.2332803272473999	0.5451703186361573	0.8660772442295702	0.8281468754630709	0.5223855544159779	0.7076555120551615	0.1012541860955144	0.3624509634080978	0.08920844773151204	0.5773187076166733	0.7056048053677514	0	0.2647797692183942	0.5560787626827919	0.2202413705395778	0.2169338906395517	0.5143174277212029	0.7389182959584277	0.3376691173577909	0.2556413848746839	0.3319320337394767	0.7088929352042908	0.4433957376944364	0.3631708855039328	0.6898912715247908	0.3694966749339175	0.4783900662395024	0.6413260227016584	0.4354137049170456
ec1505	0.494088300695579	0.2919657504650818	0.407941668391992	0.3894981184896245	0.5974994088020059	0.635070024854587	0.1652570263449554	0.3474348756324662	0.05811855559664884	0.4142957989034103	0.1913012131162908	0.4037841713772276	0.3328220653392988	0.6382826153529217	0.04786083096215929	0.3660901557624842	0.274346056966096	0.6292736613814901	0.09972450952382912	0.09268580639005741	0.5549827308599263	0.8632191288058729	0.8182294896784114	0.534911782042329	0.7311377416534534	0.2217290574706622	0.3654517103131583	0.2460427144379142	0.4946971748680467	0.7173114628313602	0.2647797692183942	0	0.5317866308784455	0.226479452759927	0.1884875000919699	0.3971019606854336	0.7527208435962491	0.3983404821124125	0.2688082353561003	0.2044103491570621	0.6973736941399975	0.5141965694906386	0.3024981736148331	0.6910317136355482	0.3293496770760087	0.5043898260705842	0.5788149277196813	0.4014988992492229
ec1508	0.5660412107864559	0.4648547377172984	0.5675389980225719	0.5265428473344174	0.5765720518114102	0.5335651477633626	0.522944980927771	0.4902834726409265	0.5265065330077071	0.4616260993062438	0.5550684110887167	0.5998183213718542	0.584580773577956	0.5503673804159455	0.5305996477837496	0.6106826667416345	0.4464181876718182	0.5766562987418462	0.5331958427751049	0.5253081916816241	0.524210920999542	0.7676059347773324	0.7154793734797804	0.7143472794029424	0.6083036882739042	0.5357926057288415	0.5386734675117547	0.5452213241855391	0.6778486917216876	0.5947073582721616	0.5560787626827919	0.5317866308784455	0	0.5366123084215159	0.5246229568561337	0.6464923762395346	0.6239695231985808	0.5121400117605573	0.5411628502642364	0.5565664716719111	0.5779052610265767	0.5708721582527584	0.4860664480858303	0.5956028955754177	0.5786963444143943	0.635705675610345	0.5945849221266818	0.6201084717857951
ec1514	0.5168448009707444	0.3130104156551706	0.4517747464755873	0.4366752373806901	0.6134363628228531	0.6491453360125626	0.1731803878748375	0.3394201341486205	0.2194559457981405	0.4116757289461115	0.2803059061541169	0.4305029368601014	0.3582384172206218	0.659320799714964	0.2259215519969288	0.4228136382776432	0.391499361270768	0.658424939282887	0.2576608747295202	0.1893907154850032	0.5595790616683763	0.8756492801800676	0.8395716579929395	0.5397791240914347	0.7290844733590789	0.1539462304340236	0.3249987342985323	0.1902284110910458	0.5710501848992792	0.7393249470780073	0.2202413705395778	0.226479452759927	0.5366123084215159	0	0.1507036970349078	0.4975429114071786	0.7676608148622672	0.3553806975964592	0.2690180290948239	0.3034792481811225	0.7262189566994204	0.4189585520934597	0.3583905628259476	0.7228004415592153	0.4035072720501319	0.473714687438904	0.6339804027541586	0.4332974919059326
ec1524	0.5035079767212217	0.2933211453259499	0.4383988227496564	0.4329943696875929	0.6172352862332231	0.6508816440954734	0.1728425652191822	0.337662249061281	0.1821143516692004	0.416250700768249	0.2805681837859965	0.4047739634728003	0.3374054772049392	0.6527865095208559	0.1888331921222197	0.4202111900560673	0.3727511027476957	0.6595087377325671	0.2351817676337674	0.1509094824893993	0.562050918179239	0.8759032962235688	0.8382966869166729	0.5398219881523141	0.7296175354120633	0.147958143106007	0.3121635407675203	0.1811647483995574	0.5612213882132501	0.7416115854931001	0.2169338906395517	0.1884875000919699	0.5246229568561337	0.1507036970349078	0	0.4848148767298775	0.7690086035397868	0.3573052217048864	0.2608964491958606	0.2807135418744008	0.7071454273065776	0.4789917429753053	0.3384664577310982	0.724494782617084	0.4033709146054906	0.467496659756613	0.6306114903097406	0.4163145606484385
ec1526	0.4338065305654228	0.5057614909904269	0.5043887950224339	0.5515789801140045	0.5235362874879633	0.5737566191074547	0.46836175944685	0.5496813761146476	0.4024487782201342	0.5834903862907007	0.4680910907224974	0.3509572998468318	0.288344190877573	0.5310024033488635	0.4032440361638216	0.2236711104632098	0.4967907262552011	0.5735804108520866	0.4168199430871218	0.4291511915381043	0.4290784644220385	0.8088573231308314	0.8201497194266137	0.4527928224954122	0.7222555480268454	0.4965360605474568	0.5579720532411593	0.5035778549324268	0.1988762101871434	0.6649478804687147	0.5143174277212029	0.3971019606854336	0.6464923762395346	0.4975429114071786	0.4848148767298775	0	0.7469718196657479	0.5741513750932459	0.502136979824635	0.4735261891563325	0.6027104997556193	0.6376351990149604	0.5019530199913066	0.6730353729363706	0.5199529359574733	0.6320328953875071	0.5095541818978515	0.3465131826702023
ec1530	0.6896909439234269	0.7367095983161224	0.7266405674547087	0.6821714048889215	0.6458591634132967	0.6079386201011723	0.7468092812598447	0.7225621221259226	0.7489490097149544	0.6925095176859055	0.7407524105190249	0.7320282828955761	0.7363551450425636	0.6562141317441165	0.7512924124152246	0.7082311401322943	0.7020686874066264	0.6279395097778423	0.7424609587371483	0.7633979736778832	0.6588346939551772	0.6589692585139378	0.6963788149080686	0.7885581503163153	0.560746094191973	0.756101554424891	0.7287894617196181	0.7422376650525585	0.7411818024055896	0.4624431764639904	0.7389182959584277	0.7527208435962491	0.6239695231985808	0.7676608148622672	0.7690086035397868	0.7469718196657479	0	0.7231240309100557	0.7368872148410108	0.7229854629282149	0.5550587878164517	0.7182726306488932	0.6961913016930091	0.5872137941681024	0.7197010238333859	0.7718438289853065	0.6754675767662796	0.7225117082690594
eti122	0.5361976657382312	0.3668005928260362	0.4801806327706414	0.3096384948664286	0.5588497935981235	0.5740229115081537	0.3213525146985326	0.3134012807291813	0.3771785554729114	0.3693089486568823	0.2937813467739041	0.5265739161157168	0.4692824353087461	0.6435412569151984	0.3885637590791748	0.4834126713911055	0.4415519975926973	0.580148142628217	0.3625175175595248	0.3654010705141987	0.5477534682778648	0.8491032076620439	0.8106491328889156	0.5860986687923002	0.6728173341914823	0.3052444290014575	0.3904559443962761	0.3209219295752167	0.6278512386488484	0.6835186361238982	0.3376691173577909	0.3983404821124125	0.5121400117605573	0.3553806975964592	0.3573052217048864	0.5741513750932459	0.7231240309100557	0	0.3615729774503837	0.4273106541400717	0.6708090985119554	0.3957648041685651	0.4208825746052221	0.6720881628981932	0.4335251958185126	0.5353428312834083	0.614043924930982	0.5259338856423188
eti124	0.5065510049508349	0.3174966227142306	0.4418319627075627	0.3854185176672812	0.5826795621683688	0.6162359090028525	0.1815324329411144	0.3040304046245317	0.2309645204000477	0.3740041492828453	0.2501073252983256	0.4309372154931063	0.3756774959281599	0.6639069756913597	0.2469497360229966	0.3723364818199294	0.3931165455491022	0.6320551089078904	0.264325587603677	0.2075896558412096	0.5380016370935581	0.8633590167105597	0.8228711733421389	0.5504573829750961	0.7037684660937721	0.2187267738429714	0.3753704063237236	0.2336136193444002	0.5639175647431613	0.7070388220883653	0.2556413848746839	0.2688082353561003	0.5411628502642364	0.2690180290948239	0.2608964491958606	0.502136979824635	0.7368872148410108	0.3615729774503837	0	0.3075023626441825	0.6904733153361273	0.4870679525181561	0.376853481136404	0.6990072868893303	0.3514047424269865	0.5103845502901411	0.6331635973009837	0.4691584017179075
eti126	0.5214900407980526	0.338645594708991	0.4616179513573813	0.4201449282083056	0.6011303219325793	0.6517056940900952	0.2554222533428365	0.390141795001861	0.1838379948871607	0.4512773448237588	0.2743452417892908	0.453017912983456	0.3869214186704278	0.666173830848787	0.200293950744791	0.4003620644405781	0.3612602891526948	0.6450654322515711	0.2216097794055006	0.2361813809565561	0.5730213213597865	0.8613772343415355	0.8176682887859382	0.602079911216638	0.7219110397136933	0.3054409152880493	0.4008711354608843	0.3186358484457522	0.5482943589425364	0.7230282935315892	0.3319320337394767	0.2044103491570621	0.5565664716719111	0.3034792481811225	0.2807135418744008	0.4735261891563325	0.7229854629282149	0.4273106541400717	0.3075023626441825	0	0.7171105808833197	0.5406517241574771	0.3556957715683603	0.7138272206651424	0.3829310872208654	0.5035400648497261	0.6144522345528377	0.4365325335472559
eti149	0.5879425306413325	0.6800086217998701	0.6792173803037324	0.6368755944706651	0.5159781984456684	0.518614683617437	0.70440446746429	0.6912075024093277	0.6987324466939451	0.6468410482665528	0.6946993729479313	0.6316333746807642	0.6298390870914277	0.5231684476790115	0.6976726994653644	0.5615461670750146	0.6356035199525629	0.5963600065708481	0.6863471378491782	0.711196654795709	0.5336510838807211	0.6992728389171809	0.6661469179094374	0.6818327874394208	0.6016252453982012	0.7108208947110582	0.6829985683965565	0.6997649268286105	0.6108548515077288	0.466746974127198	0.7088929352042908	0.6973736941399975	0.5779052610265767	0.7262189566994204	0.7071454273065776	0.6027104997556193	0.5550587878164517	0.6708090985119554	0.6904733153361273	0.7171105808833197	0	0.6753830585519278	0.6504843082156122	0.5789879552745787	0.6733263489106972	0.6931383156797501	0.5822670730859425	0.6186476470217701
eti153	0.5635730209388996	0.4983075592087046	0.5552282356085608	0.4113925450570624	0.6317498997822583	0.5889895044492413	0.4708262891704738	0.4353944463843717	0.5044243773026919	0.5303004791206201	0.4323103523908198	0.5947614733687197	0.5696544318307822	0.6606041616321908	0.5133773811623555	0.5715856203251189	0.5785975614514549	0.6167954541665411	0.4964306332077116	0.5032918629935658	0.6069427884829355	0.8377641407770148	0.7923497661157268	0.6515004625389993	0.6666020087086254	0.4141952084987741	0.4778458036648701	0.4286663024614387	0.6436205526767407	0.6631425899150893	0.4433957376944364	0.5141965694906386	0.5708721582527584	0.4189585520934597	0.4789917429753053	0.6376351990149604	0.7182726306488932	0.3957648041685651	0.4870679525181561	0.5406517241574771	0.6753830585519278	0	0.5153118553517663	0.6743976245779169	0.4687961631011182	0.55274995166385	0.6635660907195311	0.5792806918647428
eti154	0.5117462461420494	0.2599252202703919	0.4851462619108907	0.4543836592591829	0.5752658800789475	0.6175260247510261	0.3373762554596643	0.4372767042138571	0.2790427871300828	0.445323418336977	0.3538624235240887	0.50448473134467	0.4471149587491852	0.6079580667747426	0.2857648918427228	0.4229008994097652	0.3590273414896921	0.5538086494673735	0.3109468405375308	0.3188085428192851	0.5175292180733707	0.8296805541719189	0.786131990252967	0.6310622366533675	0.6767326532887218	0.3585107035600745	0.4380987252693329	0.3308949968999302	0.5714105361221822	0.6582401086875805	0.3631708855039328	0.3024981736148331	0.4860664480858303	0.3583905628259476	0.3384664577310982	0.5019530199913066	0.6961913016930091	0.4208825746052221	0.376853481136404	0.3556957715683603	0.6504843082156122	0.5153118553517663	0	0.6036011112232209	0.3954342655187152	0.520796394528946	0.5983346548505977	0.4795276363712042
eti156	0.661326585422397	0.6752103150596392	0.6796646854198826	0.6397680819707255	0.6215249115013141	0.5591283497479419	0.6970337548869545	0.6926726496195517	0.6918824272686221	0.6432089549778727	0.6929636002617836	0.6950238088786953	0.6920853106497658	0.6280288259054534	0.6907877404759651	0.6606614654013502	0.6295888397285693	0.5577633400302383	0.6756990651035925	0.703781043283032	0.5984704005593431	0.7263687594645	0.705246979926952	0.7486367852767699	0.5950401075128348	0.7104952881570399	0.6724517386114136	0.7024788136920129	0.6803477681849881	0.482634759707537	0.6898912715247908	0.6910317136355482	0.5956028955754177	0.7228004415592153	0.724494782617084	0.6730353729363706	0.5872137941681024	0.6720881628981932	0.6990072868893303	0.7138272206651424	0.5789879552745787	0.6743976245779169	0.6036011112232209	0	0.6699406982958941	0.7353623570050783	0.6184312816084506	0.6777355027448669
