	jr1098	jr1099	jr1100	jr1101	jr1113	jr1114	jr1115	jr1116	jr1117	jr1118	jr1119	jr1121	jr1122	jr1123	jr1124	jr1125	jr1126	jr1127	jr1128	jr1249	jr1250	jr1251	jr1252	jr1254	jr1255	jr1256	jr1257	jr1258	jr1259	jr1278	jr1279	jr1281	jr1282	jr1283	jr1284	jr1285	jr1286	jr1287	jr1288	jr1289	jr1291	jr1292	jr1293	jr1296	jr1298	jr1299	jr1300	jr1301	jr1302	jr1303	jr1304	jr1305	jr1306	jr1307	jr1308	jr1309	jr1310	jr1311	jr1312	jr1313	jr1314	jr1315	jr1316	jr1317	jr1318	jr1319	jr1320	jr1321	jr1322	jr1323	jr1336	jr1337	jr1338	jr1339	jr1340	jr1341	jr363	jr367
jr1098	0.0	0.17266174720311053	0.14880894941855868	0.13614152598137005	0.1489331667116317	0.13018160447766358	0.19175043361150845	0.20303421366806979	0.15990965520488126	0.3131097590746482	0.14318290747767726	0.16137812389052553	0.15835663714344284	0.3482333866889868	0.11526920490183448	0.20764986910546102	0.15233991494249471	0.10284360928681162	0.10959613672900448	0.141154060685164	0.13040165181828614	0.15502133776979163	0.10581536899188418	0.13545217746345903	0.1461726436030113	0.14332168527096228	0.15755739785430597	0.1507103005718609	0.14349894342088715	0.1557078621418785	0.14436506250234588	0.15100304976303014	0.1504962358053091	0.3636031712185273	0.16130319737125715	0.15924729499513693	0.2414812221294374	0.15201183130691887	0.32980119568926625	0.10562833365095743	0.15241096161576753	0.16072680507867332	0.12444677187769303	0.14233246854471068	0.16102243971717542	0.284148564103348	0.159893343722529	0.3044103847061011	0.1614915122651615	0.15359871019950724	0.14845176185704342	0.142418515597024	0.366513986427211	0.1529005509573207	0.1881919969247949	0.1514098670666216	0.14887254039477696	0.16314107912857778	0.1301465038206141	0.20931225045846497	0.15996919702114654	0.1609828472666626	0.16023613749134544	0.1791841101787188	0.13992907815680752	0.1316286846155524	0.1426367542075043	0.14273754453246146	0.12085976748718073	0.12030661242421568	0.17590352333953138	0.16554786942625088	0.14136072936609678	0.15045340618562555	0.1572461610422372	0.15923554164988302	0.14609954257915436	0.2519002890099611
jr1099	0.17266174720311053	0.0	0.2771739539847065	0.23368103698171305	0.27680880932937685	0.2552793237001801	0.22335556830012787	0.08957929509251827	0.28899563720838134	0.3235187748559882	0.2566537354460674	0.2833473193521856	0.13591964392114633	0.22916305075078558	0.16741568527856637	0.23964368866743188	0.22448331034638558	0.23174793638201124	0.24578267522369532	0.2661498193333353	0.20814699759581773	0.282185917012785	0.2317487669692199	0.26122282488698356	0.2798212920633856	0.2358439985493983	0.27359261182195926	0.2775934561288313	0.24952647043143547	0.2765620026629249	0.2623803877903404	0.27853129312771346	0.27534222311542683	0.42386122672302257	0.28774578042362703	0.28726499676498685	0.254071064621718	0.25063984682289925	0.39428282439862905	0.23912814660542137	0.28046838853358597	0.28940303801653305	0.2634969151156087	0.25343569334102495	0.21615761575167564	0.324320975718531	0.2890662967866363	0.23092876603743412	0.2902479330296876	0.27821830762961564	0.26731091400832996	0.26758603620136373	0.29771244581233497	0.2836387725721124	0.25851789631750016	0.25681442818352207	0.2748723146826492	0.26885215361476333	0.26016721419422295	0.2204231082873451	0.27004450909293237	0.26845752273900975	0.2877137587313	0.2812317792663239	0.2459187426303302	0.25001088965332025	0.26820023476959826	0.2671785063515658	0.2546361920046543	0.23856186981523275	0.2993062095523824	0.2882513178538385	0.25853306414037686	0.27565861170267797	0.28111505111814383	0.2845406754888591	0.21428302719433986	0.279587874633976
jr1100	0.14880894941855868	0.2771739539847065	0.0	0.17777328096840017	0.027942020975461605	0.04844566362733017	0.18037640662539964	0.27524232473208976	0.02425410392407837	0.3100581275801046	0.059271009516229094	0.031940548512110624	0.22892882436352235	0.43442481154875423	0.14383442768726967	0.27761616071641965	0.15149376327855416	0.06804965763871405	0.08716374375315508	0.026172015694813738	0.17332539460185298	0.03371030826226588	0.11893776526853034	0.04314603025817364	0.04212263960553063	0.09325534197920629	0.03506344776621243	0.06395510020817764	0.0529346702767513	0.06070359817485405	0.06972983006840494	0.03803988591239278	0.037022882592977646	0.380028097198289	0.02350284720287183	0.03470853605739727	0.2320150515628649	0.06993828328013392	0.3452793686200275	0.08581613475011333	0.023172182447465592	0.021440642656702386	0.058374802129070084	0.051491987466498745	0.19938758635791146	0.2777696647369363	0.021618629735717872	0.3249512311438514	0.022965333303250006	0.027512852516106193	0.038256534943645296	0.034831122154105325	0.3956282180835314	0.03645717198730379	0.20283295190216363	0.06130645462961827	0.021878507455846973	0.1786083908260869	0.08533967630912688	0.21939561579376082	0.05079975691469195	0.0630250633253249	0.022389999332634705	0.09155173460147392	0.10125389745007127	0.05997468003366544	0.06750398180281693	0.05180811494812732	0.10569491955690195	0.09741808717931216	0.04954450521452837	0.039530740831615445	0.038891313696357746	0.020477073219336853	0.03955907340834931	0.06586951108804827	0.17444279085463638	0.29185878131219595
jr1101	0.13614152598137005	0.23368103698171305	0.17777328096840017	0.0	0.17405090687983765	0.1633871701439764	0.18753008110882025	0.2436380892761598	0.18880930224191483	0.31028988716669065	0.14776409866936135	0.18525739801843966	0.22779703584318942	0.39942031835685626	0.1843836714107377	0.18738249954929648	0.1262752765880372	0.12185703433529904	0.11298916553786933	0.16440912502955582	0.15762470965170208	0.18074686606524432	0.12028108762942466	0.16203199994829992	0.17857275680618742	0.12479207164769221	0.16429213657888564	0.18499396909791999	0.15063622863596382	0.17292463579040668	0.16372509683126138	0.187021748326957	0.17599662757235965	0.3966706970075929	0.18664505407574267	0.18547495610909687	0.23831972914558766	0.15176120346125774	0.3669306615257204	0.1280584120879378	0.17952831437669836	0.18852703960791528	0.16127161509131377	0.16356044046681478	0.18582782540348924	0.2591995256365845	0.18687637459703899	0.32070543370718396	0.1884721389323832	0.1813763926799434	0.1613861630897858	0.16678651074894937	0.38729227034474156	0.16734382613016613	0.2198522761611876	0.1740923861158212	0.17332516643958307	0.17579917059225533	0.14268166504121027	0.22699715823801309	0.1855913675899227	0.18570543821098814	0.18665004606174668	0.17011996849708724	0.11139209874527642	0.1562458776406813	0.17101043873955457	0.16897239175518788	0.139731299167401	0.11904277761596078	0.20567196943298244	0.19308634140197622	0.15307146176022396	0.17489648527872131	0.185895519163931	0.18471869873304783	0.1819296333780844	0.2607109747093514
jr1113	0.1489331667116317	0.27680880932937685	0.027942020975461605	0.17405090687983765	0.0	0.05544000978151338	0.17525358442438177	0.2714870100453923	0.0314737809759163	0.3106095987734583	0.04620628748464645	0.029666044170616645	0.2298535667331273	0.43190458393407793	0.13718036146631105	0.27668998510490506	0.15309770481403326	0.06358676100732837	0.08224639950432025	0.032866049184526874	0.16301223873245696	0.04257586172232109	0.11021953867305471	0.04855890107964953	0.049322927252408146	0.09355240255905083	0.03865807530462492	0.07350451952019708	0.05008611926739767	0.07303958880516094	0.06924426117342686	0.04796946259214794	0.04700245451756805	0.37221759075295846	0.038678042185330545	0.045645334084295316	0.2315408170021309	0.07305464692820406	0.3455850056081146	0.08699832553753348	0.03308849634814086	0.0379325243874672	0.043103508561038145	0.04256410673381825	0.1966569231213459	0.27919248569321387	0.03164102306539567	0.31583409632716636	0.032103547330549424	0.02486910788016115	0.03258217966060736	0.02864487479820774	0.3864062548418664	0.04417982246352764	0.18835937172455683	0.06405424709642973	0.028489472405146585	0.16742786659162104	0.07895640542161862	0.22156551507131705	0.05683019187175388	0.06285197214628865	0.029365837944474858	0.09406165162911782	0.09303493399143728	0.06354504719625749	0.07445874521716787	0.06328215232315557	0.10879867841995529	0.09643967479443544	0.04799869521961897	0.03521318400496007	0.045235951939075585	0.026191877192439383	0.039616557687325187	0.07640970624931423	0.16733881660545807	0.2917208775855355
jr1114	0.13018160447766358	0.2552793237001801	0.04844566362733017	0.1633871701439764	0.05544000978151338	0.0	0.20574901572573615	0.28714015118168656	0.055026820039619395	0.31783419142938973	0.08576710071197094	0.06508009526224436	0.24766661686139702	0.448803843132433	0.16457803599474638	0.2695611958723974	0.1591209757884847	0.06645147043498018	0.09809559629508376	0.053064444569520614	0.17840250293501458	0.049288535916271026	0.126196246856119	0.03351241075258964	0.03091654043452762	0.09894633515460446	0.06015247566474361	0.03483614630872708	0.0724135192920468	0.03579372508854835	0.05607875695874352	0.043394301959189405	0.0359420509314829	0.4058888656768406	0.04894850067672362	0.04527264080989944	0.24454453207562668	0.089440128909282	0.3758449534673422	0.06562310491311231	0.04100517296152415	0.05286103751532224	0.05513827003475426	0.0734758692904105	0.2019374178275182	0.29651515438269527	0.053527039944015246	0.34081704057884976	0.055977349754209565	0.059824202940502884	0.06102445168797263	0.03865597134422288	0.41468315193876815	0.06473070446556188	0.2303535464388684	0.08346504527982507	0.05791875282500972	0.20377695072754948	0.1089558285416343	0.2365442119255595	0.07530581962273065	0.08652096203668595	0.05618533542183166	0.10841743528387128	0.12319789379621282	0.04092768371842455	0.04814544574587691	0.03370913777180613	0.08578924275698172	0.07155500108672067	0.07826775531114889	0.06377857899310288	0.04697153100138212	0.051387430692168785	0.06954491223066929	0.04834078132592949	0.1968292420087704	0.3101702954759193
jr1115	0.19175043361150845	0.22335556830012787	0.18037640662539964	0.18753008110882025	0.17525358442438177	0.20574901572573615	0.0	0.21981178978764615	0.18814880473839793	0.16392069569409287	0.1534332693679712	0.18302904568387807	0.19828455009506082	0.37004435459779284	0.19652810895102732	0.24108494140082182	0.10373157451996493	0.17000755637297166	0.18004577129676974	0.16227390640184067	0.1505438542066186	0.19610633000859695	0.16004105249781186	0.19091852748879107	0.20908340022292757	0.16520102462597835	0.16438326788923008	0.23015472552683938	0.15211305863716879	0.22362686136752258	0.21776859258930903	0.20388741863229495	0.206031159111437	0.34962734748092106	0.18664570778059467	0.20312935353553396	0.07725967834583511	0.16200815873487073	0.33272797073355376	0.19685782563446985	0.18920363498656093	0.1871481685952107	0.18520563586807062	0.1605950613489604	0.1824972068169587	0.221087151133587	0.1846411508350868	0.15228427536352088	0.1844620258827881	0.1777436320176285	0.15971881668341945	0.19668296537899488	0.3101474717348762	0.18956633309638823	0.17452861278915782	0.16254421829771948	0.17129844171892175	0.17565989738907747	0.15854073723726264	0.08492632861768651	0.1759660288003012	0.17368408726608092	0.18304363522750647	0.1890316553299529	0.14966120182221074	0.19964741227712224	0.21710170331697584	0.2153649438729449	0.21466291441201654	0.1880358730710559	0.2016106621390324	0.19727634098054161	0.17589871236705623	0.1755517476139602	0.18268408129533703	0.23383299740826421	0.1596597267798274	0.2290382244390994
jr1116	0.20303421366806979	0.08957929509251827	0.27524232473208976	0.2436380892761598	0.2714870100453923	0.28714015118168656	0.21981178978764615	0.0	0.28664649450044083	0.31175081350680095	0.23564684893092092	0.27645791299641087	0.10547414378932764	0.18872156742047144	0.17749184153816386	0.21129912520210956	0.21875616962795408	0.24051003021536926	0.24369233826834197	0.2630816929480811	0.19976472755799685	0.2894914589575429	0.2242686338623396	0.28152131490911003	0.30166013865740277	0.22514499529148368	0.26016192921755965	0.31204218493574154	0.23482562322796469	0.3100558221380442	0.29722478233286126	0.2867130202852977	0.299112400719888	0.382392365033715	0.28730470678020686	0.2969277496159325	0.235484689997052	0.23367949208445726	0.35638863919630087	0.2690003688284953	0.28295312789157845	0.2881884698601376	0.27630085135228954	0.23927199223237952	0.19046885420508672	0.31065265098186934	0.28438963374758264	0.20793480681671686	0.2863115207007186	0.27590809661391674	0.2558561191026713	0.2829703279320958	0.26996032073759085	0.27937981020870345	0.2330285726321368	0.2519180797206546	0.27135759852906477	0.24759953134977464	0.24680384056573249	0.2127024906894205	0.2626863766112446	0.2595318134877448	0.28324975415801906	0.27274373379706995	0.22429773128853786	0.28874084621784957	0.30674938415894737	0.30521137828206596	0.2857782995153952	0.2589767990640073	0.2943591782118884	0.28423672072579187	0.2599228519955862	0.27224802794366243	0.27706345576257196	0.32187782624395184	0.19639915552445125	0.25131554629254765
jr1117	0.15990965520488126	0.28899563720838134	0.02425410392407837	0.18880930224191483	0.0314737809759163	0.055026820039619395	0.18814880473839793	0.28664649450044083	0.0	0.3165762004866641	0.06637776184831982	0.03142769722395691	0.2342000754631736	0.4415305518580526	0.14709272785095215	0.28883293947966965	0.16196046880901718	0.07668583689397267	0.09487306925032829	0.03113471037486685	0.182927924618478	0.029530287688766896	0.12782655996970144	0.04238323985931095	0.036981288739112876	0.09753250162426703	0.033514395427913415	0.06152015087036307	0.06189666871410554	0.06778297032413778	0.07093904589603361	0.04043505274842865	0.039088368497832836	0.3855456785533196	0.01538761233254982	0.029035293679821363	0.23105121604849874	0.07797848081716979	0.3508930155772962	0.09720782328868019	0.027723739270749618	0.01149939858899723	0.06572569259137424	0.05862802146377524	0.21047983729510955	0.28111913880892275	0.010891922659274678	0.3292296268968693	0.009925920791568336	0.023562711631212936	0.03614322992876445	0.031109372769393823	0.3988095789635637	0.04870497171911164	0.20369839939038048	0.06568767525614505	0.021894342020026925	0.18014495580195541	0.08745708676576462	0.22162598005053283	0.046479945096343706	0.06746708640473414	0.015722382386356187	0.0910565877197371	0.105592849577416	0.06117775919266248	0.06562043131515302	0.05427643861486772	0.11779786860776034	0.10978846691303284	0.03353387094348371	0.026532616190250564	0.044087800541549836	0.020548648709456892	0.024725138786370296	0.07844289463282829	0.18899813049034198	0.2961087598134992
jr1118	0.3131097590746482	0.3235187748559882	0.3100581275801046	0.31028988716669065	0.3106095987734583	0.31783419142938973	0.16392069569409287	0.31175081350680095	0.3165762004866641	0.0	0.29200785362701537	0.3092358857382651	0.3101498207542912	0.37741531809322687	0.3231699485088515	0.29094016039006537	0.22704760126929538	0.2973715940035884	0.30535534604536596	0.2963866484999368	0.28895631062583227	0.31322722904960504	0.3033057115836499	0.303649492938763	0.32410252711151016	0.2849799858921273	0.3006744484934443	0.3418677199055471	0.2838075173706293	0.33689588601039266	0.3251051346456923	0.3206924639275627	0.3211412762936643	0.3708789956067687	0.31596716966886007	0.32268176925779735	0.0993984855348034	0.2635015388673327	0.33993044577073706	0.3188016780847228	0.3100861023198027	0.3157317968930936	0.32002291407056876	0.2788058445970949	0.26021378823472074	0.3235660480985222	0.31545872369028827	0.1371592943274684	0.31673257735662225	0.3098169047396342	0.29632268510681004	0.3164080043147818	0.37493259900156006	0.3160056514469574	0.31312887609994056	0.26418724673021843	0.30456824741339117	0.326094303956146	0.31093985772538385	0.1805308671928445	0.2749043671597927	0.28075060505609095	0.3173099890018397	0.28628942606746444	0.28758184197349596	0.3116999302620128	0.32731262926477783	0.3263245369072141	0.3324378734229372	0.3114728190002528	0.31680605222432245	0.3134554690255177	0.2949794156517511	0.3083003614439509	0.3033190079010123	0.3468479650332139	0.2807809960269478	0.26885531613864094
jr1119	0.14318290747767726	0.2566537354460674	0.059271009516229094	0.14776409866936135	0.04620628748464645	0.08576710071197094	0.1534332693679712	0.23564684893092092	0.06637776184831982	0.29200785362701537	0.0	0.04531028506442455	0.21202682584724525	0.39442636035140477	0.11476725640804969	0.2413337742686247	0.1252497511591648	0.04467134326139309	0.08094868052858954	0.05108998609616573	0.1467321808747244	0.07719497021990149	0.089614623296835	0.0714187676735098	0.08934979356811888	0.07397279332847007	0.042188432617014666	0.10830689195550322	0.03647514462825919	0.09830600492167275	0.0927751917995825	0.08501997997772033	0.08728982704973577	0.35597087152799556	0.07099557696877802	0.08419013745529977	0.20826224215914885	0.045486020239300255	0.33386477223590866	0.08492831862380236	0.07225266077625211	0.07018282849955654	0.0610731256591099	0.043791518132970705	0.17521403358189236	0.24395351038183585	0.06408680279281166	0.28661503657096427	0.0641813771672887	0.04897800315439797	0.03772728628521492	0.06672831876379687	0.36855571717977814	0.06905619154366148	0.1753323565536291	0.054610940307550565	0.04912992598034376	0.1612205523359914	0.06786796126699365	0.19662502627263795	0.06556903260594873	0.06451854450161038	0.06205011517065154	0.08072127107645524	0.05937643454764181	0.08740444897119752	0.10111525575012231	0.093242014294292	0.10603367391866451	0.06983945867781131	0.06892208970645747	0.06045293072497677	0.04997067886668291	0.051466256126883984	0.05604026357555913	0.11074066971266495	0.16334820191879262	0.2657697266731316
jr1121	0.16137812389052553	0.2833473193521856	0.031940548512110624	0.18525739801843966	0.029666044170616645	0.06508009526224436	0.18302904568387807	0.27645791299641087	0.03142769722395691	0.3092358857382651	0.04531028506442455	0.0	0.2321750002221659	0.42800448915199113	0.1271596314502453	0.27958941803279347	0.15641918879423364	0.07098182083437014	0.09698044589209233	0.03371712951014065	0.17955618273327204	0.0511001035406973	0.12811930669661747	0.054229284573477754	0.05745440305348161	0.10213971121468048	0.0390797243104105	0.07586480471350494	0.05571264448014222	0.07260310437387205	0.08298102113608787	0.05613098655218984	0.05538050755932919	0.37146255603190803	0.036782330709096284	0.05235493060696053	0.22347576762599758	0.06683920350084259	0.3407892878658905	0.09868101972437929	0.040897352015687366	0.03547934711347801	0.06414018709155404	0.047187597615943974	0.20232846478437033	0.26862858629948727	0.02976035049059024	0.31699023554124484	0.028729304270744053	0.01801117423254038	0.034587803532486236	0.03734504314864736	0.3859783291308948	0.05664415284517362	0.19114380859031305	0.05561387051226872	0.024251594355903922	0.17930675273498106	0.09124248352613173	0.2149077478745883	0.04037058207670262	0.053684878763344476	0.029386747222541115	0.08310784827874974	0.09935853166938409	0.06328652557468296	0.0767325750279958	0.06568319854510869	0.11947134668418642	0.10785191863974351	0.029311849086184727	0.0277309678084022	0.052828847547487366	0.024941752737368657	0.023018710028827348	0.08363283111359417	0.18171894073798073	0.2889409540932898
jr1122	0.15835663714344284	0.13591964392114633	0.22892882436352235	0.22779703584318942	0.2298535667331273	0.24766661686139702	0.19828455009506082	0.10547414378932764	0.2342000754631736	0.3101498207542912	0.21202682584724525	0.2321750002221659	0.0	0.2310969023584178	0.1344722663656655	0.18399401332282153	0.2212022981999153	0.20725044717915264	0.1959584794213372	0.21316187474755743	0.16143046394913133	0.24496918376831447	0.192844194181921	0.23914425848721838	0.2570000967328009	0.21101324340020597	0.22676619178893964	0.27009570569841296	0.20841661334588626	0.2729679909591878	0.2572446638096365	0.24138283468468497	0.25238994669779846	0.3298305935507831	0.23465711087397925	0.2515788812656122	0.22568613784917876	0.2128702929365786	0.29605771209112275	0.22815630783416765	0.23954737194399445	0.23394779520841466	0.238683337083724	0.20822291861628767	0.1506169565584371	0.30295645492411144	0.2345262625577928	0.2353510753701068	0.23433537338902524	0.22503321520910957	0.21542387177224387	0.24558670775279215	0.29696249405259456	0.23991539683405116	0.17522692612592267	0.20670406865430227	0.22253275239930417	0.1879244316655428	0.2013601766582401	0.20155427108163693	0.21915362542042743	0.21869478768482165	0.23572112194407652	0.2333644612197114	0.20268317790170026	0.24911795415858698	0.26264818818688385	0.2624298262354174	0.24129103316919343	0.23831841097542086	0.24569625796472264	0.24145144031178067	0.22936007907046918	0.2233563189236563	0.2273441041323212	0.2796737078573873	0.13521073730011107	0.22591990793134492
jr1123	0.3482333866889868	0.22916305075078558	0.43442481154875423	0.39942031835685626	0.43190458393407793	0.448803843132433	0.37004435459779284	0.18872156742047144	0.4415305518580526	0.37741531809322687	0.39442636035140477	0.42800448915199113	0.2310969023584178	0.0	0.309219941651627	0.2970802294636398	0.3805824802221926	0.40073552921456884	0.3953022144436471	0.41666500224986935	0.35018758781627984	0.4501136678782372	0.37558633292236143	0.44212802040967675	0.462282418942224	0.3972932878404276	0.4213855968340136	0.4712432201352156	0.3929761647516958	0.47086971348901085	0.4479489918235617	0.4471449358403651	0.458508372992869	0.37640017716721663	0.44154539532288006	0.4571320180416474	0.36409679428738906	0.38209955129187595	0.34783480629634106	0.4203164174868757	0.4436013077693293	0.44228195168117124	0.4358466635543123	0.3941160273358546	0.30390058966115324	0.42498365143577554	0.4401238483213859	0.2919214027197482	0.4412390102134833	0.4297314807386527	0.41047790395597517	0.4450048074970894	0.3605744523708704	0.4324769891744824	0.3525841127848301	0.381999722828788	0.4272954721919348	0.3765060159174123	0.39178112920798414	0.3581511039058892	0.3980394923603502	0.3850801126117031	0.43844603340904187	0.3963871259907599	0.37531456863377194	0.4468153450641996	0.46546405522677387	0.46389404847772053	0.42945289039499024	0.40962971344930665	0.44145659180162344	0.44424288591245775	0.42098965812762495	0.42754830166029756	0.4290993958231746	0.479212618219251	0.3181177234322994	0.3208316264589848
jr1124	0.11526920490183448	0.16741568527856637	0.14383442768726967	0.1843836714107377	0.13718036146631105	0.16457803599474638	0.19652810895102732	0.17749184153816386	0.14709272785095215	0.3231699485088515	0.11476725640804969	0.1271596314502453	0.1344722663656655	0.309219941651627	0.0	0.24706720867360155	0.1634208712483144	0.1243490728793516	0.1296944126258894	0.1334548333465938	0.16756694744626613	0.16298743926518874	0.13290064748444358	0.15699187613647284	0.17555803397981692	0.1343257421547933	0.14036514801684305	0.1855319060281464	0.13675720507473169	0.18713430997945465	0.1642197509183748	0.15980774197653688	0.17148375305379507	0.3821819036674081	0.15307128447610927	0.17050018271002965	0.23881949309530803	0.13997251894877863	0.35055988417396994	0.14998973303185206	0.15841470689962728	0.15211628947236236	0.1488627350137779	0.13082343911388516	0.207508340301261	0.279365320722646	0.14888104811193337	0.26106696533761886	0.14765566063133181	0.13011370612049605	0.13102115739762943	0.15424810270117448	0.32660512059634156	0.15402209691652177	0.20328923001609484	0.1348700454759028	0.13397477789459425	0.18986689182592678	0.12702782796830497	0.2072604491153064	0.1408972611704011	0.14262177673497525	0.1490064731303122	0.16122869817784352	0.1271786149754178	0.16953803517355664	0.1797443284854582	0.1770460630473034	0.1650114978403867	0.1562968442483771	0.14694173909925626	0.1457336877918957	0.1478257120232553	0.13396877815483915	0.1296467255095622	0.19451885018285497	0.1911223664525081	0.26627952962513946
jr1125	0.20764986910546102	0.23964368866743188	0.27761616071641965	0.18738249954929648	0.27668998510490506	0.2695611958723974	0.24108494140082182	0.21129912520210956	0.28883293947966965	0.29094016039006537	0.2413337742686247	0.27958941803279347	0.18399401332282153	0.2970802294636398	0.24706720867360155	0.0	0.2330810152273523	0.2224302081577752	0.19944551144109288	0.26641641133473026	0.19513622553494053	0.28117897174041767	0.2138863223673564	0.2628589865997447	0.2813568689365524	0.22514353572279522	0.2660692715684226	0.2899537186971811	0.23892742464474725	0.28801010009000483	0.255553358279079	0.27946415170986677	0.27737079649802376	0.29378182691336385	0.2883622913797645	0.2863645461138434	0.2499941396010968	0.22455314320002015	0.2538613354525295	0.24364262385731172	0.281171049858245	0.2889636266132349	0.26398741139247955	0.24051095649058546	0.10174859812304507	0.3002019707752904	0.28839095650789714	0.27863399660870236	0.2890971591552213	0.27860511684244543	0.2612149508361553	0.27118110617071606	0.34620466827775037	0.2709995659660798	0.18746478601509467	0.24420296188604015	0.2739568591991574	0.1868359026504983	0.23472549072048135	0.23616532625776462	0.25793777853673255	0.2563734275454031	0.28736003592331344	0.2191112805614414	0.21877544429100493	0.2638104379861391	0.28166718615446296	0.280791407528626	0.2524079459171136	0.23537180173223116	0.29438688190999135	0.28594815035569515	0.25034699907434255	0.27467704667431386	0.27802555158972153	0.2960268847121805	0.12343807996005597	0.21776108002055053
jr1126	0.15233991494249471	0.22448331034638558	0.15149376327855416	0.1262752765880372	0.15309770481403326	0.1591209757884847	0.10373157451996493	0.21875616962795408	0.16196046880901718	0.22704760126929538	0.1252497511591648	0.15641918879423364	0.2212022981999153	0.3805824802221926	0.1634208712483144	0.2330810152273523	0.0	0.13206464385964445	0.1442348524178818	0.13811865256939193	0.1552668798732274	0.1585750575549351	0.131219367328905	0.15052442438301997	0.17074373617079497	0.09800404962601605	0.13684996347960077	0.18524880652638462	0.11510450149733151	0.18166825000456954	0.17081069948559896	0.16260003422105027	0.16868376961241188	0.39110272081241604	0.16150497466062097	0.16566702646693773	0.14685398647788925	0.11770899724471634	0.36334652949563057	0.16117976337283607	0.15479246439320854	0.16355356333724497	0.16410934635318897	0.13617802680644472	0.196140584687106	0.22035049194524287	0.15983282387668316	0.23215136847572038	0.161328054379057	0.1517689956615168	0.13307325813177193	0.1570878553301989	0.36354141464210576	0.1559319861759427	0.21322072221747526	0.14026083740716794	0.1460797196343011	0.1931343139343462	0.14684046497730124	0.13126493868642272	0.15199858493120266	0.14838655091669034	0.15995139884074838	0.15995465154843846	0.11239961327545167	0.16118885641639924	0.17813486656660088	0.17622761805270923	0.17753153585170436	0.1430669317204232	0.1749481231592327	0.161966287220019	0.12920472049315987	0.14836451588990635	0.15593926349440992	0.19434236705053407	0.18321930880710768	0.25771020124046495
jr1127	0.10284360928681162	0.23174793638201124	0.06804965763871405	0.12185703433529904	0.06358676100732837	0.06645147043498018	0.17000755637297166	0.24051003021536926	0.07668583689397267	0.2973715940035884	0.04467134326139309	0.07098182083437014	0.20725044717915264	0.40073552921456884	0.1243490728793516	0.2224302081577752	0.13206464385964445	0.0	0.05869540249722851	0.06127645487132499	0.1372497822881892	0.07659576749664614	0.08274702665589509	0.057982355526752155	0.07600434547744354	0.07728045581391257	0.06354514663252392	0.08895253501140965	0.05802307302283663	0.07932536545122416	0.07434962226232578	0.08224220211666775	0.07391321479169227	0.3618683554264713	0.08160295928948662	0.081721834146767	0.22362861288441852	0.0669523954113929	0.3317888670103084	0.05144719608586153	0.07696616148598241	0.08152259057244379	0.05187167583705787	0.056975696898755326	0.15641659532004112	0.2621996007596249	0.07626487396242997	0.30279550068412486	0.07640237546163547	0.06572317518755852	0.052457183853615606	0.06126432126593462	0.3750349548935368	0.07750399058974043	0.1838113329994961	0.07199151330197982	0.060925565204851685	0.16431279372454724	0.06993794524889523	0.20923222095237848	0.07827323511138878	0.0804913854656889	0.07706636586695334	0.09692425054532425	0.07335427020416307	0.06680281528021	0.07872317037996036	0.07401435527723316	0.07114089575269805	0.052079109599998716	0.09098804235624797	0.08084996352087029	0.05356165432938062	0.06345272010322216	0.07073427163106098	0.09183275171604822	0.15144730369234055	0.26604862100638166
jr1128	0.10959613672900448	0.24578267522369532	0.08716374375315508	0.11298916553786933	0.08224639950432025	0.09809559629508376	0.18004577129676974	0.24369233826834197	0.09487306925032829	0.30535534604536596	0.08094868052858954	0.09698044589209233	0.1959584794213372	0.3953022144436471	0.1296944126258894	0.19944551144109288	0.1442348524178818	0.05869540249722851	0.0	0.08117669503293201	0.13264421145932398	0.09317087226918888	0.07867030766012513	0.08446187473261645	0.09863531965896757	0.10833081804466613	0.09463369183848103	0.12082647401889406	0.08887187633531286	0.11722024644331958	0.0812847903562202	0.09746594732808189	0.09656142630092238	0.35308128892468515	0.09756560706112286	0.09391929621592186	0.22990809166269835	0.10084787924600952	0.3189123009294563	0.06996076101623644	0.09018221792465173	0.09864380852337437	0.07905855159640944	0.08056957871140559	0.15675515874658658	0.2695177339184312	0.09334982028184424	0.31627216614223225	0.09538563026723224	0.08943968783610452	0.08426802760891847	0.08200988849437078	0.3696704333948001	0.08569486454886845	0.16799748362773648	0.10113521197624718	0.08202382369374503	0.11875527746417548	0.05447060497202389	0.21745835535135644	0.10436383760811756	0.10825939627010778	0.09186320585272184	0.1010570729696478	0.07411942104113904	0.09805945266233974	0.11140771151119307	0.10673424195247942	0.0829043504628333	0.08680417730445783	0.1135819739359397	0.0991759683647213	0.08500550146975319	0.08757605600570861	0.09400094236495747	0.12178839487365542	0.13458173473858234	0.24877247080580386
jr1249	0.141154060685164	0.2661498193333353	0.026172015694813738	0.16440912502955582	0.032866049184526874	0.053064444569520614	0.16227390640184067	0.2630816929480811	0.03113471037486685	0.2963866484999368	0.05108998609616573	0.03371712951014065	0.21316187474755743	0.41666500224986935	0.1334548333465938	0.26641641133473026	0.13811865256939193	0.06127645487132499	0.08117669503293201	0.0	0.15903281778505562	0.03948701661825637	0.10634550848207923	0.0369912482038289	0.05347019424206363	0.07902517210198685	0.03173708235259216	0.07417833013787278	0.036571090577927096	0.06919194167098319	0.07491203951321326	0.04757236425052343	0.04909136719207771	0.3608513095215962	0.028692871150243035	0.046268062347119526	0.2102483831956226	0.054956851328766224	0.3331666417669782	0.08360605162599434	0.03434017808479481	0.03011687096163597	0.06179189166047096	0.038307875880814204	0.18788714634624043	0.2575459199120911	0.028282427929271124	0.30516031309839464	0.02967028575861453	0.025686637013951744	0.019061688474424902	0.042197399068982844	0.3778392684306767	0.04448513987025092	0.18616280677022104	0.04359086573130217	0.01855053309143957	0.16170319607689582	0.0699645937688971	0.20290557043790974	0.03522793179518124	0.042458079973085226	0.02847816457416311	0.07246897320133795	0.08414138215385952	0.0514887895696764	0.0619114846690219	0.05988322639100702	0.10297619443222256	0.08953456507918972	0.0520656667596468	0.04616128064602418	0.03283175952220911	0.019023039942389356	0.03220144136755256	0.07960314710501533	0.16625231464595241	0.27517737747537546
jr1250	0.13040165181828614	0.20814699759581773	0.17332539460185298	0.15762470965170208	0.16301223873245696	0.17840250293501458	0.1505438542066186	0.19976472755799685	0.182927924618478	0.28895631062583227	0.1467321808747244	0.17955618273327204	0.16143046394913133	0.35018758781627984	0.16756694744626613	0.19513622553494053	0.1552668798732274	0.1372497822881892	0.13264421145932398	0.15903281778505562	0.0	0.17692655532856527	0.08266455395090241	0.16533566443871128	0.18512486196364134	0.1645851649181122	0.16619351046008754	0.2033712444280069	0.14635525139106795	0.19948982653798775	0.1815579464199613	0.1801265112186174	0.18304439223781419	0.29702575220857935	0.18260565068114734	0.18228006515926656	0.2088726068748578	0.15752699908294152	0.3045056978684112	0.158733503757585	0.17356695893030447	0.18414763382782762	0.15383664189581278	0.1494678314318057	0.13089867201572739	0.2588202998036303	0.18256602559135277	0.27708560239486657	0.18374240621911236	0.1736439114129706	0.15542693079482228	0.17204906312783003	0.3399898167345282	0.17921178125429343	0.12230039921308962	0.16131575138620607	0.16899116818269025	0.10879421836621014	0.12606790258515602	0.1855254546494183	0.1742739044232657	0.17103219532460553	0.1813447406305022	0.18910461683048807	0.14312366514327443	0.17701732382147023	0.19252902547750061	0.19221186550865296	0.17287458436402603	0.16073386426459382	0.19789835509180123	0.18392829849805228	0.15418755842705942	0.17088953127628262	0.17753750290379106	0.20931261423942613	0.11759742416674739	0.2203267854348735
jr1251	0.15502133776979163	0.282185917012785	0.03371030826226588	0.18074686606524432	0.04257586172232109	0.049288535916271026	0.19610633000859695	0.2894914589575429	0.029530287688766896	0.31322722904960504	0.07719497021990149	0.0511001035406973	0.24496918376831447	0.4501136678782372	0.16298743926518874	0.28117897174041767	0.1585750575549351	0.07659576749664614	0.09317087226918888	0.03948701661825637	0.17692655532856527	0.0	0.12720526703915194	0.02766158860541532	0.021845802488588157	0.09452599785244367	0.05192485978076164	0.059366494871037755	0.0657175017420287	0.06389988692473224	0.06379691632483024	0.023435492715443863	0.019634584660962552	0.3936288744562081	0.026596762597258225	0.01307838729842649	0.23726092052172423	0.08068930983344333	0.3584600810540021	0.08854229514617101	0.02628671422799237	0.026724850930033506	0.06648133139781918	0.06106372141698082	0.20384561688061273	0.288869010115647	0.030971834420517652	0.33831863063157913	0.028623149022939935	0.04092605241361585	0.0496935822913066	0.03738872345099563	0.40883031900572364	0.05612799753545642	0.21800049935167048	0.07467489944152615	0.0336518108205214	0.19197075871037408	0.09898223049496574	0.2331858989345449	0.05593451879304821	0.07579634467455557	0.03598388000714253	0.10007737273711972	0.11490370174101222	0.052039451360833135	0.058111283066548225	0.04445132429760391	0.10917697458011837	0.10125354572799149	0.05365280792427734	0.03851859107871534	0.03769090546917165	0.04065387310973113	0.03929851640665277	0.07483470111955028	0.18347074690252027	0.3085369712204874
jr1252	0.10581536899188418	0.2317487669692199	0.11893776526853034	0.12028108762942466	0.11021953867305471	0.126196246856119	0.16004105249781186	0.2242686338623396	0.12782655996970144	0.3033057115836499	0.089614623296835	0.12811930669661747	0.192844194181921	0.37558633292236143	0.13290064748444358	0.2138863223673564	0.131219367328905	0.08274702665589509	0.07867030766012513	0.10634550848207923	0.08266455395090241	0.12720526703915194	0.0	0.11232537908677205	0.13215217790852046	0.1200289128805799	0.10955671607844425	0.15297362848234378	0.09583787206393557	0.14309360302282167	0.1360636570690425	0.13014210989503802	0.12912980066548338	0.3058686622191128	0.1269316680809195	0.12819589446240823	0.22131307008943407	0.11267762801494642	0.3185406349162864	0.10513356474961535	0.12422132704868463	0.13043920739738085	0.09955200764658663	0.10630843233632147	0.1471418735804436	0.2610058478251809	0.12681142132878404	0.29337892360782686	0.12935694767272343	0.12132645475267496	0.10149056737988821	0.1158843120833058	0.3518463447216919	0.12483821912570672	0.12902230301981424	0.12107000878156707	0.11577678229871799	0.10518161932346776	0.06836644110730863	0.2117052626917837	0.1306924353157649	0.12959899071089065	0.12642727414163984	0.14524858167149696	0.09792605388727796	0.13027238971630445	0.14263770181012128	0.13933952408745948	0.12138130838662528	0.10142194549006146	0.1487084528199619	0.1357952808532034	0.09958521884543275	0.11744812689427495	0.12878440485151701	0.1564579641790291	0.13320917699722612	0.24748808459503058
jr1254	0.13545217746345903	0.26122282488698356	0.04314603025817364	0.16203199994829992	0.04855890107964953	0.03351241075258964	0.19091852748879107	0.28152131490911003	0.04238323985931095	0.303649492938763	0.0714187676735098	0.054229284573477754	0.23914425848721838	0.44212802040967675	0.15699187613647284	0.2628589865997447	0.15052442438301997	0.057982355526752155	0.08446187473261645	0.0369912482038289	0.16533566443871128	0.02766158860541532	0.11232537908677205	0.0	0.024735259893599662	0.08822105671902326	0.05234479950998207	0.05339147038276682	0.058820552800368416	0.04915822227981191	0.05756467164563197	0.03843042528147001	0.028201100622366672	0.3891576320573214	0.039950876330579324	0.03248888794812278	0.22849779078821417	0.07243552406219904	0.35809678625851954	0.07101871597326395	0.036707030717573655	0.042562738478449595	0.056480964437183735	0.0566162753509189	0.1881421961497349	0.28079910346855097	0.04493688897840716	0.3303656791248816	0.044258438992944495	0.04753838922771078	0.044550643740489275	0.03376457369949598	0.405004504382519	0.06112871370428115	0.2151074393934906	0.066293604518683	0.03779922349771131	0.19052234386349257	0.09699454552946438	0.22516639499576785	0.051742404599439226	0.06952357143340714	0.0469693159602133	0.09194023795637407	0.10847709738912244	0.037857717457933295	0.044590276120283476	0.03901228390931891	0.08938960159083012	0.07786740153600546	0.06294872292350812	0.047814506077946094	0.029279901647253803	0.04327642823585456	0.04379990641549857	0.06548663517699899	0.18049198946238748	0.29804146497298734
jr1255	0.1461726436030113	0.2798212920633856	0.04212263960553063	0.17857275680618742	0.049322927252408146	0.03091654043452762	0.20908340022292757	0.30166013865740277	0.036981288739112876	0.32410252711151016	0.08934979356811888	0.05745440305348161	0.2570000967328009	0.462282418942224	0.17555803397981692	0.2813568689365524	0.17074373617079497	0.07600434547744354	0.09863531965896757	0.05347019424206363	0.18512486196364134	0.021845802488588157	0.13215217790852046	0.024735259893599662	0.0	0.10717775667128177	0.06239702292113996	0.03886000315111137	0.07788618408188858	0.04644784061639659	0.058692159667551425	0.032097255246139114	0.016179624541351818	0.405797554116068	0.03171126060572904	0.014542033450977463	0.2489012195503045	0.09321728201174653	0.3710723913718116	0.07916724225295967	0.03027720229015677	0.03269995772098257	0.0560773789680852	0.07333179898348098	0.20651855153999454	0.30112272817061836	0.03779469948221385	0.3505013103713351	0.03634011190488253	0.05250678472447495	0.06282223888082634	0.03357991042477262	0.4209990013455835	0.06676984550479381	0.23016917933153036	0.08659108995749935	0.04766209682731047	0.20416274162559334	0.11326928606702437	0.2457843514607118	0.06853297395921507	0.08799288480595412	0.04311068808257338	0.11268968571492909	0.12710024185241076	0.042290342228392126	0.04824536117139704	0.034200578666470687	0.09930125420291244	0.09150443435955054	0.05963637851540397	0.04447430387830327	0.04807235578032223	0.05048211684327574	0.052429799719853655	0.057681311178248776	0.1927051293763645	0.3204114434932794
