	ec1306	ec1322	ec1341	ec1350	ec1353	ec1354	ec1357	ec1367	ec1369	ec1382	ec1384	ec1386	ec1398	ec1401	ec1403	ec1404	ec1412	ec1417	ec1419	ec1430	ec1433	ec1441	ec1449	ec1450	ec1460	ec1468	ec1490	ec1492	ec1497	ec1498	ec1500	ec1505	ec1508	ec1514	ec1524	ec1526	ec1530	eti122	eti124	eti126	eti149	eti153	eti154	eti156	eti161	eti165	eti166	eti167
ec1306	0.0	0.564	0.774	0.682	0.772	0.85	0.936	0.832	0.872	0.506	0.486	0.912	0.448	0.814	0.69	0.82	0.628	0.908	0.908	0.416	0.892	0.994	0.978	0.972	0.944	0.96	0.902	0.838	0.902	0.98	0.912	0.948	0.972	0.938	0.98	0.948	0.918	0.608	0.37	0.44	0.994	0.878	0.882	0.962	0.922	0.928	0.934	0.88
ec1322	0.564	0.0	0.594	0.538	0.606	0.45	0.82	0.474	0.748	0.604	0.582	0.912	0.614	0.874	0.548	0.624	0.396	0.596	0.794	0.532	0.836	0.994	0.978	1.0	0.94	0.944	0.802	0.898	0.796	0.99	0.576	0.902	0.936	0.906	0.96	0.67	0.914	0.582	0.594	0.54	1.0	0.944	0.572	0.904	0.76	0.694	0.572	0.6
ec1341	0.774	0.594	0.0	0.808	0.748	0.682	0.88	0.602	0.786	0.906	0.804	0.994	0.91	0.67	0.8	0.674	0.64	0.568	0.77	0.84	0.912	0.994	0.978	1.0	0.99	1.0	0.846	0.97	0.724	0.996	0.74	0.94	0.98	0.976	0.994	0.618	0.924	0.89	0.888	0.818	1.0	0.98	0.726	0.956	0.706	0.75	0.648	0.582
ec1350	0.682	0.538	0.808	0.0	0.648	0.764	0.76	0.722	0.748	0.618	0.632	0.916	0.672	0.968	0.55	0.334	0.556	0.812	0.618	0.626	0.576	0.992	0.984	1.0	0.954	0.948	0.782	0.9	0.836	0.982	0.796	0.928	0.932	0.906	0.93	0.84	0.896	0.49	0.598	0.6	0.992	0.934	0.774	0.94	0.786	0.798	0.812	0.752
ec1353	0.772	0.606	0.748	0.648	0.0	0.694	0.782	0.652	0.698	0.736	0.698	0.938	0.798	0.952	0.598	0.608	0.636	0.744	0.774	0.738	0.838	0.99	0.978	0.992	0.852	0.88	0.608	0.732	0.812	0.978	0.69	0.86	0.83	0.836	0.916	0.796	0.882	0.566	0.712	0.704	0.992	0.794	0.584	0.95	0.64	0.614	0.762	0.606
ec1354	0.85	0.45	0.682	0.764	0.694	0.0	0.866	0.496	0.778	0.834	0.812	0.952	0.852	0.926	0.74	0.726	0.594	0.596	0.822	0.744	0.896	0.988	0.976	0.976	0.926	0.96	0.812	0.922	0.78	0.986	0.576	0.886	0.976	0.942	0.98	0.672	0.914	0.79	0.832	0.754	0.998	0.95	0.602	0.902	0.748	0.708	0.49	0.608
ec1357	0.936	0.82	0.88	0.76	0.782	0.866	0.0	0.728	0.804	0.862	0.904	0.982	0.914	0.968	0.658	0.796	0.86	0.884	0.814	0.87	0.844	0.998	0.996	1.0	0.984	0.88	0.786	0.888	0.892	0.986	0.812	0.982	0.714	0.824	0.538	0.894	0.9	0.836	0.842	0.884	1.0	0.962	0.758	0.998	0.872	0.784	0.89	0.858
ec1367	0.832	0.474	0.602	0.722	0.652	0.496	0.728	0.0	0.764	0.744	0.754	0.956	0.862	0.936	0.668	0.686	0.576	0.598	0.778	0.734	0.892	0.994	0.978	1.0	0.958	0.864	0.746	0.838	0.71	0.98	0.516	0.874	0.7	0.796	0.812	0.614	0.862	0.754	0.816	0.736	1.0	0.934	0.448	0.898	0.666	0.572	0.6	0.502
ec1369	0.872	0.748	0.786	0.748	0.698	0.778	0.804	0.764	0.0	0.862	0.83	0.978	0.874	0.962	0.75	0.71	0.724	0.762	0.776	0.808	0.862	0.994	0.976	1.0	0.976	0.916	0.804	0.89	0.82	0.988	0.818	0.914	0.924	0.92	0.946	0.85	0.904	0.802	0.84	0.804	0.994	0.918	0.776	0.946	0.784	0.826	0.832	0.758
ec1382	0.506	0.604	0.906	0.618	0.736	0.834	0.862	0.744	0.862	0.0	0.474	0.912	0.516	0.922	0.594	0.782	0.578	0.898	0.88	0.454	0.888	0.994	0.978	1.0	0.906	0.886	0.74	0.836	0.916	0.986	0.742	0.89	0.83	0.79	0.902	0.93	0.874	0.57	0.506	0.404	0.994	0.888	0.708	0.974	0.82	0.72	0.912	0.79
ec1384	0.486	0.582	0.804	0.632	0.698	0.812	0.904	0.754	0.83	0.474	0.0	0.91	0.48	0.948	0.66	0.692	0.52	0.846	0.798	0.446	0.896	0.994	0.978	1.0	0.95	0.96	0.828	0.9	0.81	0.992	0.884	0.906	0.954	0.946	0.916	0.846	0.912	0.634	0.5	0.42	0.994	0.934	0.842	0.95	0.732	0.858	0.862	0.752
ec1386	0.912	0.912	0.994	0.916	0.938	0.952	0.982	0.956	0.978	0.912	0.91	0.0	0.912	0.994	0.912	0.924	0.912	0.994	0.988	0.912	0.976	0.994	0.994	1.0	0.996	1.0	1.0	0.994	1.0	0.996	1.0	0.998	0.994	1.0	0.994	1.0	0.99	0.918	0.914	0.912	1.0	1.0	0.998	0.996	1.0	1.0	0.996	1.0
ec1398	0.448	0.614	0.91	0.672	0.798	0.852	0.914	0.862	0.874	0.516	0.48	0.912	0.0	0.948	0.68	0.808	0.602	0.914	0.89	0.214	0.878	0.994	0.978	0.998	0.962	0.936	0.886	0.896	0.926	0.986	0.902	0.954	0.968	0.922	0.954	0.924	0.922	0.69	0.36	0.478	1.0	0.926	0.878	0.982	0.904	0.898	0.916	0.89
ec1401	0.814	0.874	0.67	0.968	0.952	0.926	0.968	0.936	0.962	0.922	0.948	0.994	0.948	0.0	0.962	0.914	0.936	0.95	0.968	0.956	0.94	0.98	0.99	0.958	0.978	0.972	0.938	0.944	0.96	0.998	0.958	0.986	0.978	0.962	0.992	0.97	0.95	0.932	0.962	0.96	1.0	0.98	0.964	1.0	0.964	0.952	0.97	0.968
ec1403	0.69	0.548	0.8	0.55	0.598	0.74	0.658	0.668	0.75	0.594	0.66	0.912	0.68	0.962	0.0	0.682	0.57	0.81	0.812	0.592	0.846	0.994	0.978	1.0	0.952	0.918	0.504	0.844	0.84	0.986	0.728	0.896	0.786	0.764	0.796	0.832	0.898	0.592	0.648	0.654	0.994	0.85	0.664	0.968	0.726	0.72	0.806	0.744
ec1404	0.82	0.624	0.674	0.334	0.608	0.726	0.796	0.686	0.71	0.782	0.692	0.924	0.808	0.914	0.682	0.0	0.572	0.722	0.57	0.758	0.532	0.992	0.976	1.0	0.926	0.926	0.78	0.86	0.776	0.99	0.806	0.906	0.946	0.946	0.976	0.772	0.912	0.578	0.79	0.714	0.988	0.934	0.776	0.952	0.702	0.784	0.792	0.658
ec1412	0.628	0.396	0.64	0.556	0.636	0.594	0.86	0.576	0.724	0.578	0.52	0.912	0.602	0.936	0.57	0.572	0.0	0.566	0.72	0.498	0.884	0.994	0.978	1.0	0.956	0.924	0.79	0.864	0.676	0.99	0.706	0.79	0.946	0.936	0.962	0.696	0.902	0.526	0.586	0.452	0.99	0.932	0.686	0.868	0.604	0.702	0.618	0.574
ec1417	0.908	0.596	0.568	0.812	0.744	0.596	0.884	0.598	0.762	0.898	0.846	0.994	0.914	0.95	0.81	0.722	0.566	0.0	0.69	0.798	0.93	0.994	0.978	1.0	0.986	0.988	0.83	0.956	0.686	0.984	0.696	0.898	0.968	0.968	0.984	0.538	0.91	0.852	0.888	0.792	0.996	0.97	0.674	0.886	0.718	0.732	0.554	0.61
ec1419	0.908	0.794	0.77	0.618	0.774	0.822	0.814	0.778	0.776	0.88	0.798	0.988	0.89	0.968	0.812	0.57	0.72	0.69	0.0	0.834	0.698	0.998	0.982	1.0	0.976	0.978	0.864	0.944	0.626	0.984	0.896	0.904	0.978	0.954	0.974	0.744	0.92	0.714	0.854	0.816	1.0	0.96	0.878	0.91	0.672	0.894	0.618	0.744
ec1430	0.416	0.532	0.84	0.626	0.738	0.744	0.87	0.734	0.808	0.454	0.446	0.912	0.214	0.956	0.592	0.758	0.498	0.798	0.834	0.0	0.896	0.994	0.978	1.0	0.96	0.954	0.792	0.85	0.812	0.98	0.794	0.86	0.954	0.856	0.96	0.878	0.892	0.592	0.338	0.412	1.0	0.922	0.774	0.914	0.768	0.818	0.856	0.806
ec1433	0.892	0.836	0.912	0.576	0.838	0.896	0.844	0.892	0.862	0.888	0.896	0.976	0.878	0.94	0.846	0.532	0.884	0.93	0.698	0.896	0.0	0.994	0.988	0.998	0.97	0.938	0.916	0.898	0.932	0.986	0.908	0.98	0.978	0.934	0.978	0.932	0.942	0.736	0.89	0.88	1.0	0.948	0.894	0.996	0.926	0.922	0.93	0.898
ec1441	0.994	0.994	0.994	0.992	0.99	0.988	0.998	0.994	0.994	0.994	0.994	0.994	0.994	0.98	0.994	0.992	0.994	0.994	0.998	0.994	0.994	0.0	0.98	1.0	0.88	1.0	0.998	0.996	0.998	0.97	1.0	0.998	0.984	1.0	1.0	0.996	0.916	1.0	0.996	0.994	0.982	1.0	0.998	0.978	1.0	0.998	0.998	0.998
ec1449	0.978	0.978	0.978	0.984	0.978	0.976	0.996	0.978	0.976	0.978	0.978	0.994	0.978	0.99	0.978	0.976	0.978	0.978	0.982	0.978	0.988	0.98	0.0	1.0	1.0	1.0	0.986	0.998	0.984	0.996	0.996	0.982	0.99	1.0	1.0	0.988	0.974	0.988	0.992	0.978	0.994	1.0	0.986	0.986	0.984	0.992	0.984	0.984
ec1450	0.972	1.0	1.0	1.0	0.992	0.976	1.0	1.0	1.0	1.0	1.0	1.0	0.998	0.958	1.0	1.0	1.0	1.0	1.0	1.0	0.998	1.0	1.0	0.0	1.0	1.0	1.0	1.0	0.7	1.0	1.0	1.0	1.0	1.0	1.0	1.0	1.0	1.0	1.0	1.0	1.0	1.0	1.0	1.0	1.0	1.0	0.992	0.91
ec1460	0.944	0.94	0.99	0.954	0.852	0.926	0.984	0.958	0.976	0.906	0.95	0.996	0.962	0.978	0.952	0.926	0.956	0.986	0.976	0.96	0.97	0.88	1.0	1.0	0.0	0.936	0.912	0.92	0.98	0.958	0.752	0.794	0.93	0.944	0.972	0.99	0.916	0.854	0.934	0.942	0.976	0.668	0.878	0.952	0.818	0.658	0.97	0.892
ec1468	0.96	0.944	1.0	0.948	0.88	0.96	0.88	0.864	0.916	0.886	0.96	1.0	0.936	0.972	0.918	0.926	0.924	0.988	0.978	0.954	0.938	1.0	1.0	1.0	0.936	0.0	0.798	0.728	0.992	0.984	0.86	0.968	0.75	0.734	0.672	0.998	0.944	0.87	0.954	0.98	0.994	0.894	0.686	1.0	0.936	0.804	0.988	0.912
ec1490	0.902	0.802	0.846	0.782	0.608	0.812	0.786	0.746	0.804	0.74	0.828	1.0	0.886	0.938	0.504	0.78	0.79	0.83	0.864	0.792	0.916	0.998	0.986	1.0	0.912	0.798	0.0	0.772	0.854	0.98	0.71	0.888	0.864	0.776	0.83	0.866	0.872	0.73	0.854	0.864	0.994	0.818	0.608	0.97	0.688	0.556	0.84	0.712
ec1492	0.838	0.898	0.97	0.9	0.732	0.922	0.888	0.838	0.89	0.836	0.9	0.994	0.896	0.944	0.844	0.86	0.864	0.956	0.944	0.85	0.898	0.996	0.998	1.0	0.92	0.728	0.772	0.0	0.968	0.98	0.754	0.94	0.788	0.68	0.812	0.964	0.924	0.78	0.91	0.924	1.0	0.726	0.658	0.998	0.898	0.776	0.956	0.858
ec1497	0.902	0.796	0.724	0.836	0.812	0.78	0.892	0.71	0.82	0.916	0.81	1.0	0.926	0.96	0.84	0.776	0.676	0.686	0.626	0.812	0.932	0.998	0.984	0.7	0.98	0.992	0.854	0.968	0.0	0.994	0.866	0.862	0.99	0.974	0.992	0.714	0.934	0.846	0.894	0.8	0.994	0.974	0.86	0.886	0.548	0.874	0.502	0.596
ec1498	0.98	0.99	0.996	0.982	0.978	0.986	0.986	0.98	0.988	0.986	0.992	0.996	0.986	0.998	0.986	0.99	0.99	0.984	0.984	0.98	0.986	0.97	0.996	1.0	0.958	0.984	0.98	0.98	0.994	0.0	0.978	0.992	0.988	0.98	0.986	0.996	0.864	0.986	0.984	0.99	0.958	0.984	0.98	0.85	0.988	0.98	0.974	0.986
ec1500	0.912	0.576	0.74	0.796	0.69	0.576	0.812	0.516	0.818	0.742	0.884	1.0	0.902	0.958	0.728	0.806	0.706	0.696	0.896	0.794	0.908	1.0	0.996	1.0	0.752	0.86	0.71	0.754	0.866	0.978	0.0	0.768	0.826	0.626	0.844	0.694	0.884	0.788	0.854	0.89	0.994	0.704	0.354	0.996	0.672	0.372	0.602	0.576
ec1505	0.948	0.902	0.94	0.928	0.86	0.886	0.982	0.874	0.914	0.89	0.906	0.998	0.954	0.986	0.896	0.906	0.79	0.898	0.904	0.86	0.98	0.998	0.982	1.0	0.794	0.968	0.888	0.94	0.862	0.992	0.768	0.0	0.952	0.942	0.98	0.966	0.962	0.806	0.978	0.878	0.994	0.758	0.878	0.894	0.678	0.758	0.93	0.872
ec1508	0.972	0.936	0.98	0.932	0.83	0.976	0.714	0.7	0.924	0.83	0.954	0.994	0.968	0.978	0.786	0.946	0.946	0.968	0.978	0.954	0.978	0.984	0.99	1.0	0.93	0.75	0.864	0.788	0.99	0.988	0.826	0.952	0.0	0.654	0.488	0.996	0.912	0.898	0.96	0.976	0.994	0.922	0.664	0.998	0.93	0.79	0.986	0.906
ec1514	0.938	0.906	0.976	0.906	0.836	0.942	0.824	0.796	0.92	0.79	0.946	1.0	0.922	0.962	0.764	0.946	0.936	0.968	0.954	0.856	0.934	1.0	1.0	1.0	0.944	0.734	0.776	0.68	0.974	0.98	0.626	0.942	0.654	0.0	0.666	0.968	0.912	0.822	0.93	0.942	1.0	0.87	0.544	1.0	0.89	0.742	0.964	0.872
ec1524	0.98	0.96	0.994	0.93	0.916	0.98	0.538	0.812	0.946	0.902	0.916	0.994	0.954	0.992	0.796	0.976	0.962	0.984	0.974	0.96	0.978	1.0	1.0	1.0	0.972	0.672	0.83	0.812	0.992	0.986	0.844	0.98	0.488	0.666	0.0	0.994	0.934	0.934	0.958	0.988	0.998	0.94	0.672	1.0	0.952	0.806	0.98	0.942
ec1526	0.948	0.67	0.618	0.84	0.796	0.672	0.894	0.614	0.85	0.93	0.846	1.0	0.924	0.97	0.832	0.772	0.696	0.538	0.744	0.878	0.932	0.996	0.988	1.0	0.99	0.998	0.866	0.964	0.714	0.996	0.694	0.966	0.996	0.968	0.994	0.0	0.94	0.944	0.896	0.884	1.0	0.98	0.674	0.976	0.736	0.75	0.584	0.61
ec1530	0.918	0.914	0.924	0.896	0.882	0.914	0.9	0.862	0.904	0.874	0.912	0.99	0.922	0.95	0.898	0.912	0.902	0.91	0.92	0.892	0.942	0.916	0.974	1.0	0.916	0.944	0.872	0.924	0.934	0.864	0.884	0.962	0.912	0.912	0.934	0.94	0.0	0.934	0.922	0.93	0.95	0.946	0.868	0.956	0.898	0.862	0.922	0.904
eti122	0.608	0.582	0.89	0.49	0.566	0.79	0.836	0.754	0.802	0.57	0.634	0.918	0.69	0.932	0.592	0.578	0.526	0.852	0.714	0.592	0.736	1.0	0.988	1.0	0.854	0.87	0.73	0.78	0.846	0.986	0.788	0.806	0.898	0.822	0.934	0.944	0.934	0.0	0.606	0.45	0.994	0.858	0.752	0.806	0.658	0.768	0.918	0.754
eti124	0.37	0.594	0.888	0.598	0.712	0.832	0.842	0.816	0.84	0.506	0.5	0.914	0.36	0.962	0.648	0.79	0.586	0.888	0.854	0.338	0.89	0.996	0.992	1.0	0.934	0.954	0.854	0.91	0.894	0.984	0.854	0.978	0.96	0.93	0.958	0.896	0.922	0.606	0.0	0.418	1.0	0.934	0.838	0.994	0.88	0.856	0.89	0.854
eti126	0.44	0.54	0.818	0.6	0.704	0.754	0.884	0.736	0.804	0.404	0.42	0.912	0.478	0.96	0.654	0.714	0.452	0.792	0.816	0.412	0.88	0.994	0.978	1.0	0.942	0.98	0.864	0.924	0.8	0.99	0.89	0.878	0.976	0.942	0.988	0.884	0.93	0.45	0.418	0.0	1.0	0.952	0.864	0.784	0.678	0.898	0.878	0.758
eti149	0.994	1.0	1.0	0.992	0.992	0.998	1.0	1.0	0.994	0.994	0.994	1.0	1.0	1.0	0.994	0.988	0.99	0.996	1.0	1.0	1.0	0.982	0.994	1.0	0.976	0.994	0.994	1.0	0.994	0.958	0.994	0.994	0.994	1.0	0.998	1.0	0.95	0.994	1.0	1.0	0.0	0.994	0.992	0.978	0.994	0.992	0.99	0.994
eti153	0.878	0.944	0.98	0.934	0.794	0.95	0.962	0.934	0.918	0.888	0.934	1.0	0.926	0.98	0.85	0.934	0.932	0.97	0.96	0.922	0.948	1.0	1.0	1.0	0.668	0.894	0.818	0.726	0.974	0.984	0.704	0.758	0.922	0.87	0.94	0.98	0.946	0.858	0.934	0.952	0.994	0.0	0.794	1.0	0.74	0.572	0.964	0.896
eti154	0.882	0.572	0.726	0.774	0.584	0.602	0.758	0.448	0.776	0.708	0.842	0.998	0.878	0.964	0.664	0.776	0.686	0.674	0.878	0.774	0.894	0.998	0.986	1.0	0.878	0.686	0.608	0.658	0.86	0.98	0.354	0.878	0.664	0.544	0.672	0.674	0.868	0.752	0.838	0.864	0.992	0.794	0.0	0.98	0.696	0.44	0.622	0.542
eti156	0.962	0.904	0.956	0.94	0.95	0.902	0.998	0.898	0.946	0.974	0.95	0.996	0.982	1.0	0.968	0.952	0.868	0.886	0.91	0.914	0.996	0.978	0.986	1.0	0.952	1.0	0.97	0.998	0.886	0.85	0.996	0.894	0.998	1.0	1.0	0.976	0.956	0.806	0.994	0.784	0.978	1.0	0.98	0.0	0.736	0.992	0.932	0.942
eti161	0.922	0.76	0.706	0.786	0.64	0.748	0.872	0.666	0.784	0.82	0.732	1.0	0.904	0.964	0.726	0.702	0.604	0.718	0.672	0.768	0.926	1.0	0.984	1.0	0.818	0.936	0.688	0.898	0.548	0.988	0.672	0.678	0.93	0.89	0.952	0.736	0.898	0.658	0.88	0.678	0.994	0.74	0.696	0.736	0.0	0.63	0.67	0.62
eti165	0.928	0.694	0.75	0.798	0.614	0.708	0.784	0.572	0.826	0.72	0.858	1.0	0.898	0.952	0.72	0.784	0.702	0.732	0.894	0.818	0.922	0.998	0.992	1.0	0.658	0.804	0.556	0.776	0.874	0.98	0.372	0.758	0.79	0.742	0.806	0.75	0.862	0.768	0.856	0.898	0.992	0.572	0.44	0.992	0.63	0.0	0.734	0.626
eti166	0.934	0.572	0.648	0.812	0.762	0.49	0.89	0.6	0.832	0.912	0.862	0.996	0.916	0.97	0.806	0.792	0.618	0.554	0.618	0.856	0.93	0.998	0.984	0.992	0.97	0.988	0.84	0.956	0.502	0.974	0.602	0.93	0.986	0.964	0.98	0.584	0.922	0.918	0.89	0.878	0.99	0.964	0.622	0.932	0.67	0.734	0.0	0.594
eti167	0.88	0.6	0.582	0.752	0.606	0.608	0.858	0.502	0.758	0.79	0.752	1.0	0.89	0.968	0.744	0.658	0.574	0.61	0.744	0.806	0.898	0.998	0.984	0.91	0.892	0.912	0.712	0.858	0.596	0.986	0.576	0.872	0.906	0.872	0.942	0.61	0.904	0.754	0.854	0.758	0.994	0.896	0.542	0.942	0.62	0.626	0.594	0.0
