	ec1442	ec1449	ec1457	ec1462	ec1468	ec1469	ec1470	ec1489	ec1492	ec1493	ec1497	ec1498	ec1500	ec1502	ec1508	ec1513	ec1514	ec1516	ec1517	ec1524	ec1525	ec1530	ec1533	eti145	eti146	eti149	eti151	eti152	eti153	eti154	eti156	eti162	eti164	eti165	eti167
ec1442	0.0	1.236233963501215	1.272065134285867	1.2771373162185515	1.2336041353156224	1.203119864889314	1.255239367293141	0.8073134315564007	1.2608016424237314	1.2453884253101006	0.8393124027564198	1.2474324727674857	1.2690411117889326	1.259891422352606	1.2690886430208752	1.2777521845228283	1.2734899984089678	0.30339138582063013	1.2598150674840913	1.2760217782855292	1.2705378999506662	1.210016049052187	1.2683516509894979	1.269835419169731	1.2678717811033142	0.5038145782531386	1.1889228185219842	1.2450215951851933	1.2678511350416455	1.2705850994133179	1.2412589917503853	0.5728413137967797	1.2467195702186091	1.2695473244607771	1.1591630250651914
ec1449	1.236233963501215	0.0	0.5492791197294273	0.5986289326250795	0.5340628512003448	0.47576584551033485	0.5338632679582012	0.8024710900361204	0.5528532123699726	0.4883382477490058	0.7183373200472261	0.3451248098648557	0.5697583727617271	0.46823336093639767	0.5206564044775394	0.5757872016917648	0.5762149776245677	1.0657995253819221	0.5558947965180372	0.5789485735136897	0.5744339110565557	0.3101881496875533	0.5610029801110198	0.5718797930611983	0.5655047579792531	1.163032688354286	0.45003106106756136	0.37929251643026324	0.5608880860006891	0.5630160005160811	0.4816763971831053	0.9099341955946699	0.5207499908825255	0.5623344013206675	0.6172484374672811
ec1457	1.272065134285867	0.5492791197294273	0.0	0.13028300489917868	0.2858355481443548	0.3611215494139205	0.04893462987366383	0.485538101734828	0.10358159885767577	0.14407957721585907	0.5083583007139045	0.4778687182998242	0.12850197572623948	0.19198939192710643	0.13159534692843328	0.11692622595546284	0.14325092106392376	0.9939125745792298	0.12789920399070076	0.15502234751916705	0.1430325441056764	0.42639800677335843	0.11995914628661353	0.13201176355112712	0.12703985192978204	1.2312764957435927	0.42620539005388647	0.39443169439600695	0.13667240185403332	0.12872673050155645	0.17359243145834966	0.7291380752601819	0.09554176212044241	0.13567200904149834	0.1676227901191208
ec1462	1.2771373162185515	0.5986289326250795	0.13028300489917868	0.0	0.3043493299809409	0.48411643171608554	0.13748432712551711	0.4906360424061982	0.10171213557019526	0.24399654199441534	0.5790314584852327	0.5966228307719169	0.048577520391999036	0.24269634761174133	0.14369936939683028	0.03650111046550662	0.05527452462694209	1.0000724391147653	0.1378505990408536	0.07438235709936611	0.046943530326641954	0.47149555503390794	0.07104468361314234	0.05076790194226023	0.08111368610325531	1.2406445918527267	0.5364591693996508	0.45316083876174473	0.06450455166054692	0.06222778968636894	0.2822840608701021	0.7416902825556428	0.2064846303541702	0.05930868420479106	0.146755592219363
ec1468	1.2336041353156224	0.5340628512003448	0.2858355481443548	0.3043493299809409	0.0	0.43728841310830313	0.26959883151511904	0.5075703414339018	0.2563582268013798	0.2609082195563783	0.5580047598368428	0.5374383854092659	0.27011062006629	0.2086681943859406	0.2704892327577841	0.28776612386574896	0.2704093067103337	0.9575896741732324	0.2111766704488317	0.2723247280300706	0.27976104846260036	0.41696709419623984	0.26827113131897473	0.2712036020306563	0.26220881482549885	1.1944919866375896	0.49190614266610383	0.3946327458274573	0.27674148718382197	0.2664606372153101	0.27703864213461527	0.6955565595460558	0.2600660855623415	0.27146414571243044	0.3354907212345267
ec1469	1.203119864889314	0.47576584551033485	0.3611215494139205	0.48411643171608554	0.43728841310830313	0.0	0.3708356371058739	0.6941797501206636	0.4206973584053103	0.31463444362135734	0.5339670808553119	0.29841688187918297	0.4528281593581805	0.4214402393326412	0.43895668087057194	0.4547955927918319	0.4605255466600472	0.9697754271251378	0.4382096284518827	0.46411888912796256	0.46147756569644643	0.3706614280105883	0.4400052194314291	0.45329695856356117	0.44120799609558903	1.1612966281821229	0.10987332094868388	0.39730580003939764	0.45571395190717895	0.4496960048456844	0.28647893947113817	0.8125644200950782	0.2952545262479275	0.45605050788000706	0.49777088523015306
ec1470	1.255239367293141	0.5338632679582012	0.04893462987366383	0.13748432712551711	0.26959883151511904	0.3708356371058739	0.0	0.460215134485668	0.08814278154630646	0.1320992800493728	0.49007638690198985	0.48054287605828233	0.1141759076587613	0.1764700065481456	0.11568031518570832	0.11418352465167529	0.12908083470209802	0.9766440523736466	0.11179830588177106	0.1417459068071515	0.12951517239657903	0.4063979353827025	0.1044396964010616	0.11561338119251291	0.11027132188825475	1.215968440847547	0.43132558228935053	0.37913581530532825	0.12410966228123621	0.11126409191845296	0.1902914477946213	0.709257577770811	0.11404325012318248	0.12195163604942541	0.1541600098375446
ec1489	0.8073134315564007	0.8024710900361204	0.485538101734828	0.4906360424061982	0.5075703414339018	0.6941797501206636	0.460215134485668	0.0	0.46898322935979264	0.47092608221852655	0.2067644085253312	0.8018027776364972	0.47530938783173843	0.4674935972622087	0.4800027036722739	0.482867399640312	0.4809151217341046	0.5265225010825126	0.4706025920394369	0.48829288840255547	0.4867285494662604	0.6756925091552919	0.47003836750512484	0.47503038876870807	0.4744094480711448	0.8642570954305699	0.750711691550543	0.6518458814470764	0.48489566302722303	0.4729070487680209	0.5227963817368704	0.2693780001837732	0.4561686968777864	0.47703425627712814	0.36366816815114356
ec1492	1.2608016424237314	0.5528532123699726	0.10358159885767577	0.10171213557019526	0.2563582268013798	0.4206973584053103	0.08814278154630646	0.46898322935979264	0.0	0.1990702534655909	0.5445270074348684	0.5311142054518959	0.05958305584310982	0.17364464869007135	0.07746363919285684	0.08402591289762774	0.05566104408361032	0.9833028447811771	0.06489937623973133	0.07692315136073836	0.07265048926553466	0.4223904052132531	0.06028066574679631	0.059185832226125355	0.04139960135791299	1.2252963037277473	0.47908083613279995	0.4013125683567036	0.06355604096795409	0.05811137165305828	0.2558448842233026	0.7163269175740042	0.16885934942664454	0.07016233542597013	0.1391126140096508
ec1493	1.2453884253101006	0.4883382477490058	0.14407957721585907	0.24399654199441534	0.2609082195563783	0.31463444362135734	0.1320992800493728	0.47092608221852655	0.1990702534655909	0.0	0.4224536851246035	0.40185694741904865	0.22648871804118456	0.1780124107319759	0.213289486396678	0.22266936436006426	0.24182478603191296	0.9658925867854424	0.2197758958676786	0.2516505291148412	0.24263261483865553	0.3570464887467324	0.21598172232355367	0.23004306145269435	0.22352792740200592	1.1996141865754204	0.3873071727768808	0.3454899250781449	0.23547931942421174	0.22494668004473034	0.14095588609732373	0.6990986871992724	0.1098315789762849	0.2352985201501456	0.25899842283717434
ec1497	0.8393124027564198	0.7183373200472261	0.5083583007139045	0.5790314584852327	0.5580047598368428	0.5339670808553119	0.49007638690198985	0.2067644085253312	0.5445270074348684	0.4224536851246035	0.0	0.6528955363566572	0.5722168316076488	0.548870352118753	0.5680759864943933	0.5683045486083438	0.5844965754819423	0.5613801418499171	0.5624938766044612	0.591325680286901	0.5855836380473444	0.5958396591297261	0.5591006808648964	0.5730018483855784	0.565337703864038	0.8790587680506855	0.6085293113039426	0.5602433904098743	0.5788622817956263	0.5695401326397518	0.45624488598319596	0.33036884839949926	0.4691022856391597	0.580855935307099	0.4431142742285573
ec1498	1.2474324727674857	0.3451248098648557	0.4778687182998242	0.5966228307719169	0.5374383854092659	0.29841688187918297	0.48054287605828233	0.8018027776364972	0.5311142054518959	0.40185694741904865	0.6528955363566572	0.0	0.5662598036206667	0.43289773573412377	0.5088134687604488	0.5725140119363887	0.5729190631083743	1.0669646802774646	0.5426475498171968	0.5751926378898978	0.5737672863483351	0.32287734359749826	0.5493125523302587	0.5679824243945506	0.5542192897492838	1.1656771922330855	0.2580086257894252	0.42637386407941097	0.5640877010300607	0.5580804013955337	0.3376366051213084	0.9090945486056604	0.412198362585608	0.563628239881779	0.6098366855525903
ec1500	1.2690411117889326	0.5697583727617271	0.12850197572623948	0.048577520391999036	0.27011062006629	0.4528281593581805	0.1141759076587613	0.47530938783173843	0.05958305584310982	0.22648871804118456	0.5722168316076488	0.5662598036206667	0.0	0.20001648358878102	0.10579623358390212	0.028218970678973738	0.022714873865600737	0.990263567141787	0.09375291396085232	0.04068989249536445	0.03013184811836127	0.44160778184767524	0.03097710330159627	0.013886821814908773	0.03830783197811859	1.2336263122601647	0.514874813772811	0.4207319740735217	0.03165526152495322	0.020608645092289244	0.2823770192413875	0.7257418086237241	0.19528626780829905	0.022179243361230814	0.14336067132561248
ec1502	1.259891422352606	0.46823336093639767	0.19198939192710643	0.24269634761174133	0.2086681943859406	0.4214402393326412	0.1764700065481456	0.4674935972622087	0.17364464869007135	0.1780124107319759	0.548870352118753	0.43289773573412377	0.20001648358878102	0.0	0.17076890165136313	0.2215569098772525	0.20226026675699368	0.9758322018651011	0.14207126148236865	0.2122929217046986	0.21611224308443897	0.34468196776306526	0.18762445452527693	0.20214207455665345	0.1898386889726647	1.2013443622123856	0.4445212723614296	0.33023267089259273	0.20799157396885715	0.19178917594969003	0.22046570728244078	0.7067042636731662	0.18126451908563931	0.20286914271065137	0.2634125883854301
ec1508	1.2690886430208752	0.5206564044775394	0.13159534692843328	0.14369936939683028	0.2704892327577841	0.43895668087057194	0.11568031518570832	0.4800027036722739	0.07746363919285684	0.213289486396678	0.5680759864943933	0.5088134687604488	0.10579623358390212	0.17076890165136313	0.0	0.1237793924644394	0.10277900659655216	0.9865642268488994	0.06395311020073585	0.08433910766707248	0.1170722478780622	0.38761646530203075	0.08773489363241883	0.10291187148860148	0.07687161102004736	1.2061169781946854	0.47462714543925383	0.3806664710886517	0.1085618427634205	0.09049717544988937	0.25077555733050383	0.7230098936225093	0.19874640569206217	0.10219682471312923	0.16026272883224518
ec1513	1.2777521845228283	0.5757872016917648	0.11692622595546284	0.03650111046550662	0.28776612386574896	0.4547955927918319	0.11418352465167529	0.482867399640312	0.08402591289762774	0.22266936436006426	0.5683045486083438	0.5725140119363887	0.028218970678973738	0.2215569098772525	0.1237793924644394	0.0	0.04369841794124475	1.0007939706104643	0.11705829074537863	0.05759983421244549	0.038897420925907096	0.4491121538323183	0.04856996414156706	0.02910651448178263	0.05681392494545115	1.2426410806233177	0.5278358961428398	0.4234060791626617	0.04788615758559971	0.038918942776741974	0.2654918692852286	0.740383111065629	0.1826129322149727	0.03767473156897612	0.13728463412004493
ec1514	1.2734899984089678	0.5762149776245677	0.14325092106392376	0.05527452462694209	0.2704093067103337	0.4605255466600472	0.12908083470209802	0.4809151217341046	0.05566104408361032	0.24182478603191296	0.5844965754819423	0.5729190631083743	0.022714873865600737	0.20226026675699368	0.10277900659655216	0.04369841794124475	0.0	0.9960400879361724	0.09224585218680018	0.029071091358830275	0.026789015627139885	0.4482677200987327	0.0386925371949758	0.017029492250691173	0.03563946999272955	1.2405642220187814	0.5210862073601963	0.42655231404926597	0.033799355458112336	0.025423155468904765	0.29585959737023876	0.7339933187931177	0.20882148211307014	0.03171601308156035	0.1560054699139344
ec1516	0.30339138582063013	1.0657995253819221	0.9939125745792298	1.0000724391147653	0.9575896741732324	0.9697754271251378	0.9766440523736466	0.5265225010825126	0.9833028447811771	0.9658925867854424	0.5613801418499171	1.0669646802774646	0.990263567141787	0.9758322018651011	0.9865642268488994	1.0007939706104643	0.9960400879361724	0.0	0.9831912598399908	0.9994754568616602	0.9969811847996332	0.9578608361328079	0.9884273301453979	0.9919909628972112	0.9902155942264772	0.4477910790071013	1.0158978176439046	0.9628993896965939	0.9944354712614847	0.9911227461961183	0.962430316772174	0.28957914793589984	0.9715283806235293	0.987145338653783	0.8807155633471989
ec1517	1.2598150674840913	0.5558947965180372	0.12789920399070076	0.1378505990408536	0.2111766704488317	0.4382096284518827	0.11179830588177106	0.4706025920394369	0.06489937623973133	0.2197758958676786	0.5624938766044612	0.5426475498171968	0.09375291396085232	0.14207126148236865	0.06395311020073585	0.11705829074537863	0.09224585218680018	0.9831912598399908	0.0	0.07945800874844426	0.10755900430805741	0.4259372777134092	0.0872391043682287	0.0930033870455023	0.06823032884599368	1.2183663686379482	0.4929752952969115	0.4055657635642218	0.09936688154615542	0.08523753857699537	0.27532402632575737	0.7168278412258823	0.19221548130370916	0.10196444384022409	0.15468920334492695
ec1524	1.2760217782855292	0.5789485735136897	0.15502234751916705	0.07438235709936611	0.2723247280300706	0.46411888912796256	0.1417459068071515	0.48829288840255547	0.07692315136073836	0.2516505291148412	0.591325680286901	0.5751926378898978	0.04068989249536445	0.2122929217046986	0.08433910766707248	0.05759983421244549	0.029071091358830275	0.9994754568616602	0.07945800874844426	0.0	0.04429159399879143	0.4515522970803435	0.04835022548813673	0.031154372654461398	0.04189059419911036	1.2430960018953428	0.5237583792219804	0.4304337648430198	0.05132568063842998	0.03746412532561055	0.30450054635972346	0.7410440596612818	0.22000895172520585	0.04588115475229637	0.1688086645592164
ec1525	1.2705378999506662	0.5744339110565557	0.1430325441056764	0.046943530326641954	0.27976104846260036	0.46147756569644643	0.12951517239657903	0.4867285494662604	0.07265048926553466	0.24263261483865553	0.5855836380473444	0.5737672863483351	0.03013184811836127	0.21611224308443897	0.1170722478780622	0.038897420925907096	0.026789015627139885	0.9969811847996332	0.10755900430805741	0.04429159399879143	0.0	0.44984571913385807	0.04855624371833095	0.025389233577967067	0.04836398660998337	1.2377793934981736	0.5216784582641506	0.4280927132252909	0.02497335693019177	0.04042905719085764	0.2967926479464937	0.7346163644915136	0.20975958944923245	0.03177569536266326	0.15847987037940106
ec1530	1.210016049052187	0.3101881496875533	0.42639800677335843	0.47149555503390794	0.41696709419623984	0.3706614280105883	0.4063979353827025	0.6756925091552919	0.4223904052132531	0.3570464887467324	0.5958396591297261	0.32287734359749826	0.44160778184767524	0.34468196776306526	0.38761646530203075	0.4491121538323183	0.4482677200987327	0.9578608361328079	0.4259372777134092	0.4515522970803435	0.44984571913385807	0.0	0.43006565034650973	0.4432088396784151	0.4366443735957276	1.1271506725432645	0.4021337860977293	0.2938081561980535	0.44100834773711073	0.4340784510553096	0.33662474566732015	0.7930973590318626	0.3971133589955983	0.4389622878995784	0.48331267878272305
ec1533	1.2683516509894979	0.5610029801110198	0.11995914628661353	0.07104468361314234	0.26827113131897473	0.4400052194314291	0.1044396964010616	0.47003836750512484	0.06028066574679631	0.21598172232355367	0.5591006808648964	0.5493125523302587	0.03097710330159627	0.18762445452527693	0.08773489363241883	0.04856996414156706	0.0386925371949758	0.9884273301453979	0.0872391043682287	0.04835022548813673	0.04855624371833095	0.43006565034650973	0.0	0.028905529428547648	0.030687018940251828	1.2283620020206567	0.4975449340569695	0.407808450946054	0.042836416975393234	0.02320648298704273	0.2670827193563019	0.7217609130107481	0.1864059141183282	0.03417144986434748	0.1458086905886997
eti145	1.269835419169731	0.5718797930611983	0.13201176355112712	0.05076790194226023	0.2712036020306563	0.45329695856356117	0.11561338119251291	0.47503038876870807	0.059185832226125355	0.23004306145269435	0.5730018483855784	0.5679824243945506	0.013886821814908773	0.20214207455665345	0.10291187148860148	0.02910651448178263	0.017029492250691173	0.9919909628972112	0.0930033870455023	0.031154372654461398	0.025389233577967067	0.4432088396784151	0.028905529428547648	0.0	0.0314803123707766	1.236909642779545	0.5160655533034632	0.4206196646290379	0.03157357137117874	0.01841323366089713	0.28429808322482947	0.7262843558310537	0.1972505374634092	0.021040270170857737	0.14540703729917698
eti146	1.2678717811033142	0.5655047579792531	0.12703985192978204	0.08111368610325531	0.26220881482549885	0.44120799609558903	0.11027132188825475	0.4744094480711448	0.04139960135791299	0.22352792740200592	0.565337703864038	0.5542192897492838	0.03830783197811859	0.1898386889726647	0.07687161102004736	0.05681392494545115	0.03563946999272955	0.9902155942264772	0.06823032884599368	0.04189059419911036	0.04836398660998337	0.4366443735957276	0.030687018940251828	0.0314803123707766	0.0	1.2349460047131275	0.5024011002693126	0.4144590821949453	0.0418466714063906	0.02837604876120527	0.27655646234548187	0.7278293298616725	0.19146948435031438	0.04247243835128618	0.14844848380448236
eti149	0.5038145782531386	1.163032688354286	1.2312764957435927	1.2406445918527267	1.1944919866375896	1.1612966281821229	1.215968440847547	0.8642570954305699	1.2252963037277473	1.1996141865754204	0.8790587680506855	1.1656771922330855	1.2336263122601647	1.2013443622123856	1.2061169781946854	1.2426410806233177	1.2405642220187814	0.4477910790071013	1.2183663686379482	1.2430960018953428	1.2377793934981736	1.1271506725432645	1.2283620020206567	1.236909642779545	1.2349460047131275	0.0	1.1231291146502616	1.174396562502058	1.230912570463569	1.2313489827934812	1.1797539982168805	0.6614400838004453	1.2084636632353956	1.2262676575359772	1.1467765983661315
eti151	1.1889228185219842	0.45003106106756136	0.42620539005388647	0.5364591693996508	0.49190614266610383	0.10987332094868388	0.43132558228935053	0.750711691550543	0.47908083613279995	0.3873071727768808	0.6085293113039426	0.2580086257894252	0.514874813772811	0.4445212723614296	0.47462714543925383	0.5278358961428398	0.5210862073601963	1.0158978176439046	0.4929752952969115	0.5237583792219804	0.5216784582641506	0.4021337860977293	0.4975449340569695	0.5160655533034632	0.5024011002693126	1.1231291146502616	0.0	0.43484777002031516	0.512556215397465	0.5101471294280031	0.3211400067356496	0.8551658514678335	0.36690289422899247	0.5142340962344683	0.5597891526915215
eti152	1.2450215951851933	0.37929251643026324	0.39443169439600695	0.45316083876174473	0.3946327458274573	0.39730580003939764	0.37913581530532825	0.6518458814470764	0.4013125683567036	0.3454899250781449	0.5602433904098743	0.42637386407941097	0.4207319740735217	0.33023267089259273	0.3806664710886517	0.4234060791626617	0.42655231404926597	0.9628993896965939	0.4055657635642218	0.4304337648430198	0.4280927132252909	0.2938081561980535	0.407808450946054	0.4206196646290379	0.4144590821949453	1.174396562502058	0.43484777002031516	0.0	0.41471660415136785	0.4127128207362549	0.32527595526689285	0.76697157832756	0.36281187505235796	0.41673379891088713	0.4621248461755868
eti153	1.2678511350416455	0.5608880860006891	0.13667240185403332	0.06450455166054692	0.27674148718382197	0.45571395190717895	0.12410966228123621	0.48489566302722303	0.06355604096795409	0.23547931942421174	0.5788622817956263	0.5640877010300607	0.03165526152495322	0.20799157396885715	0.1085618427634205	0.04788615758559971	0.033799355458112336	0.9944354712614847	0.09936688154615542	0.05132568063842998	0.02497335693019177	0.44100834773711073	0.042836416975393234	0.03157357137117874	0.0418466714063906	1.230912570463569	0.512556215397465	0.41471660415136785	0.0	0.034629021517870014	0.2883340020259854	0.7301600549117289	0.20061837232417506	0.03366335014929215	0.15351525458499435
eti154	1.2705850994133179	0.5630160005160811	0.12872673050155645	0.06222778968636894	0.2664606372153101	0.4496960048456844	0.11126409191845296	0.4729070487680209	0.05811137165305828	0.22494668004473034	0.5695401326397518	0.5580804013955337	0.020608645092289244	0.19178917594969003	0.09049717544988937	0.038918942776741974	0.025423155468904765	0.9911227461961183	0.08523753857699537	0.03746412532561055	0.04042905719085764	0.4340784510553096	0.02320648298704273	0.01841323366089713	0.02837604876120527	1.2313489827934812	0.5101471294280031	0.4127128207362549	0.034629021517870014	0.0	0.2752686288089355	0.725960078107866	0.19167035040393934	0.028459808205600512	0.14248304416898266
eti156	1.2412589917503853	0.4816763971831053	0.17359243145834966	0.2822840608701021	0.27703864213461527	0.28647893947113817	0.1902914477946213	0.5227963817368704	0.2558448842233026	0.14095588609732373	0.45624488598319596	0.3376366051213084	0.2823770192413875	0.22046570728244078	0.25077555733050383	0.2654918692852286	0.29585959737023876	0.962430316772174	0.27532402632575737	0.30450054635972346	0.2967926479464937	0.33662474566732015	0.2670827193563019	0.28429808322482947	0.27655646234548187	1.1797539982168805	0.3211400067356496	0.32527595526689285	0.2883340020259854	0.2752686288089355	0.0	0.6904744346787128	0.10738523554390596	0.28327005685343365	0.3081794746794261
eti162	0.5728413137967797	0.9099341955946699	0.7291380752601819	0.7416902825556428	0.6955565595460558	0.8125644200950782	0.709257577770811	0.2693780001837732	0.7163269175740042	0.6990986871992724	0.33036884839949926	0.9090945486056604	0.7257418086237241	0.7067042636731662	0.7230098936225093	0.740383111065629	0.7339933187931177	0.28957914793589984	0.7168278412258823	0.7410440596612818	0.7346163644915136	0.7930973590318626	0.7217609130107481	0.7262843558310537	0.7278293298616725	0.6614400838004453	0.8551658514678335	0.76697157832756	0.7301600549117289	0.725960078107866	0.6904744346787128	0.0	0.7066580484628842	0.7239927688277125	0.615357553031537
eti164	1.2467195702186091	0.5207499908825255	0.09554176212044241	0.2064846303541702	0.2600660855623415	0.2952545262479275	0.11404325012318248	0.4561686968777864	0.16885934942664454	0.1098315789762849	0.4691022856391597	0.412198362585608	0.19528626780829905	0.18126451908563931	0.19874640569206217	0.1826129322149727	0.20882148211307014	0.9715283806235293	0.19221548130370916	0.22000895172520585	0.20975958944923245	0.3971133589955983	0.1864059141183282	0.1972505374634092	0.19146948435031438	1.2084636632353956	0.36690289422899247	0.36281187505235796	0.20061837232417506	0.19167035040393934	0.10738523554390596	0.7066580484628842	0.0	0.20332031176577864	0.23342562261937855
eti165	1.2695473244607771	0.5623344013206675	0.13567200904149834	0.05930868420479106	0.27146414571243044	0.45605050788000706	0.12195163604942541	0.47703425627712814	0.07016233542597013	0.2352985201501456	0.580855935307099	0.563628239881779	0.022179243361230814	0.20286914271065137	0.10219682471312923	0.03767473156897612	0.03171601308156035	0.987145338653783	0.10196444384022409	0.04588115475229637	0.03177569536266326	0.4389622878995784	0.03417144986434748	0.021040270170857737	0.04247243835128618	1.2262676575359772	0.5142340962344683	0.41673379891088713	0.03366335014929215	0.028459808205600512	0.28327005685343365	0.7239927688277125	0.20332031176577864	0.0	0.15455954216582257
eti167	1.1591630250651914	0.6172484374672811	0.1676227901191208	0.146755592219363	0.3354907212345267	0.49777088523015306	0.1541600098375446	0.36366816815114356	0.1391126140096508	0.25899842283717434	0.4431142742285573	0.6098366855525903	0.14336067132561248	0.2634125883854301	0.16026272883224518	0.13728463412004493	0.1560054699139344	0.8807155633471989	0.15468920334492695	0.1688086645592164	0.15847987037940106	0.48331267878272305	0.1458086905886997	0.14540703729917698	0.14844848380448236	1.1467765983661315	0.5597891526915215	0.4621248461755868	0.15351525458499435	0.14248304416898266	0.3081794746794261	0.615357553031537	0.23342562261937855	0.15455954216582257	0.0
