	ec1249	ec1257	ec1262	ec1265	ec1298	ec1301	ec1309	ec1314	ec1317	ec1330	ec1346	ec1349	ec1356	ec1358	ec1359	ec1361	ec1362	ec1368	ec1375	ec1377	ec1378	ec1380	ec1390	ec1391	ec1392	ec1393	ec1394	ec1396	ec1400	ec1406	ec1408	ec1409	ec1411	ec1420	ec1422	ec1424	ec1425	ec1427	ec1435	ec1437	ec1438	eti101	eti102	eti105	eti107	eti109	eti111	eti113	eti114	eti116	eti117	eti118	eti121	eti123	eti125	eti129	eti133	eti134	eti135	eti97
ec1249	0	0.6103654156281612	0.4563593120578243	0.4387192099347778	0.5080679314275445	0.461589167998541	0.5365120147592568	0.5636268670620083	0.6124222337557335	0.5232438909501771	0.5443927859781833	0.5189609814385342	0.6141476511369344	0.5903704575329429	0.5579505333518956	0.5768957938551311	0.5678456662597565	0.5547922985750069	0.47392020499413	0.5913046298410805	0.6064404187490701	0.6134907379317681	0.5999422887292413	0.5258102686109206	0.5868097144680827	0.5824994010479541	0.5456334673267985	0.5953816385969289	0.4568066033382108	0.521529418848396	0.5440035716342742	0.5277146301925161	0.4910652693155311	0.5614184819674531	0.5929563108868684	0.5829582433485203	0.5958519070153158	0.5647121515167868	0.6172298844015365	0.4414476877678602	0.5976531792566726	0.6025028543130559	0.5458847795830285	0.7346155044047319	0.5732680854995227	0.5228126783316762	0.5719291287636322	0.6153202864749678	0.507242114198513	0.661855431045277	0.6437307038909452	0.5991576174521488	0.5841220482380095	0.6143455565717003	0.5062061623450924	0.5756816168684679	0.643515806465799	0.5597669568974709	0.637612405600639	0.7248572065102521
ec1257	0.6103654156281612	0	0.4679856326759185	0.6371946710476014	0.6006004171325019	0.567911197298234	0.5944092258275573	0.3633158979049003	0.4669972278656797	0.395267324450584	0.4298028592805089	0.4201232771175889	0.177666688822164	0.2221441574168974	0.2599475169438904	0.2305394929700522	0.2225903401814254	0.6220863526925101	0.4371289736199017	0.6617956026331592	0.4353737097005342	0.4134758289132706	0.1661418571308852	0.3426944566870845	0.418177813822431	0.55974049855046	0.3594139184859553	0.2928250028339812	0.3392937550500765	0.5210407467629278	0.2936700586912634	0.4498412845901538	0.5004087862575403	0.4757270946407736	0.4366416793689472	0.2750407305309397	0.4741730785477853	0.403026235688733	0.4361465014702108	0.4110150398472621	0.2355493252715779	0.3513233328061623	0.4421459095424554	0.8029538201782498	0.279257449427063	0.4776760714654447	0.5690306299379675	0.6745284739606751	0.4773606996525898	0.607538793462307	0.4143219166289668	0.4120376918839898	0.3834540778778644	0.3245586048958234	0.5102459151939572	0.5649357160916071	0.4050112098741224	0.444527674252662	0.4194150774639303	0.6928716222319253
ec1262	0.4563593120578243	0.4679856326759185	0	0.5079344733118318	0.5375457366239059	0.4408383812166785	0.5007961690838266	0.5289213232169351	0.5827435792493941	0.3674603102094844	0.5064591179627811	0.3849135010055334	0.4429449197856638	0.4580363724457047	0.4524889272827602	0.4834577807092718	0.4675068138130476	0.5568324784431281	0.4258931053107494	0.6031336632847227	0.5900260739083971	0.579143130161455	0.4403667897640575	0.4592402646126861	0.5788474807028466	0.5617138868946475	0.4686973878915771	0.5134819695711001	0.3581017077827192	0.5129857182262191	0.4417957699455298	0.4412630882587022	0.4748081963756047	0.553587953708074	0.588555893825652	0.5038172223347058	0.5509967595131179	0.5691651045804271	0.5857900504965973	0.3593675339468233	0.4800327283686749	0.4751185814353225	0.4163478278001435	0.7898637723909342	0.4270101801772894	0.4238586406877567	0.5018207672842587	0.6122096754173837	0.4689418401474659	0.6571469389417252	0.5762434605836766	0.5515995125911511	0.5250415530499803	0.5246568761735928	0.4473862394574017	0.5000403605972003	0.5504620275054518	0.539666394842105	0.587460134053132	0.7164414629533307
ec1265	0.4387192099347778	0.6371946710476014	0.5079344733118318	0	0.5254796441725509	0.5192553393695403	0.5526811023584209	0.6193572715526072	0.6403559586960217	0.5879233783498379	0.585993578792173	0.5272944599707036	0.6436049741173164	0.6210812529260868	0.5910749525019503	0.6282194207778931	0.6211868550379455	0.5908902291750754	0.5644600829222782	0.5227679113967559	0.6721877674196275	0.5546326859070115	0.6162714415403939	0.6113443340047384	0.5224396035913735	0.6174878771280122	0.596892245876039	0.651461540888379	0.5009917136849682	0.465974802166969	0.6268762142736193	0.5559529418060414	0.4498406308916434	0.4945040444007049	0.6683471100950954	0.6372092430492937	0.5316254156652331	0.4963911551989256	0.5268920147633587	0.5262954942140667	0.6378650890019185	0.6327893817962209	0.6050205123995611	0.7186948823182719	0.6037098323460023	0.5846490564253444	0.6366996749887621	0.6441923603200657	0.5800391968217441	0.6959511118394677	0.6815870247454139	0.6386916175681812	0.6462691222954675	0.6864697945401558	0.5596586541619145	0.6138525804509227	0.6599475781042856	0.6155966841379439	0.6598831481338289	0.7615815607369117
ec1298	0.5080679314275445	0.6006004171325019	0.5375457366239059	0.5254796441725509	0	0.5196073947332102	0.5146672823104993	0.4690876706714686	0.5104951762497297	0.5423756600073365	0.4338263827156522	0.3827394035104331	0.6192230586767227	0.5748618019523394	0.5747247240688489	0.584863090083052	0.5771909728787515	0.4375537242621357	0.4958681968188349	0.4269031088761215	0.5363015477848795	0.6242334564622771	0.5899391773112376	0.5629895269941428	0.5979290961044944	0.5315764162441161	0.5793921745520799	0.6074292319090773	0.5102701931113343	0.5382509423895084	0.5870159293965603	0.5118429080781572	0.4669148852928811	0.5467718054125239	0.5259614559984236	0.5966458141219078	0.5752540435875897	0.574583019706579	0.5884324598026244	0.4811026764569873	0.5933694004827258	0.6135449466663103	0.5588431435311596	0.687956958408848	0.5776132216813826	0.5586642988363313	0.5574870699163852	0.6080865170448227	0.5383658813212487	0.6702267898116139	0.6410750377510587	0.5880196968488668	0.5864688399609069	0.6405895131367838	0.5097839534828756	0.5475026416560369	0.6382115992594029	0.5365908379030353	0.598243856392956	0.7314338026123687
ec1301	0.461589167998541	0.567911197298234	0.4408383812166785	0.5192553393695403	0.5196073947332102	0	0.5395915054437159	0.6125427462342862	0.6166091334989093	0.4948552416020123	0.6159010959467295	0.4399842541007363	0.5929813408688348	0.5680992234866918	0.5523306206924216	0.5520588148120955	0.5515624363573666	0.5929657851794605	0.4749410638758799	0.5924289693211419	0.657515018564125	0.649711411260448	0.587387901105401	0.5583605592605665	0.6213462592607172	0.6466633888003808	0.5682596720969558	0.5724207090826704	0.4483383986063237	0.5844471722621171	0.5497878714408608	0.4734420781085693	0.539066941689274	0.6067285893400183	0.6443567223052734	0.5667017413692446	0.6360178833722935	0.6000239604779612	0.619742325787671	0.4416058679259228	0.5815652384308275	0.5997751014237424	0.5452009435833985	0.7637978373212314	0.534639265585705	0.5374840062997714	0.5712931908487411	0.5948640509076344	0.5233752851220215	0.6315383111000795	0.6041847470434775	0.5708120550560778	0.539687132412395	0.5951323180412119	0.4940960048357322	0.5264773201792777	0.6173988568848164	0.5231783555798483	0.548370589471286	0.7182499483249278
ec1309	0.5365120147592568	0.5944092258275573	0.5007961690838266	0.5526811023584209	0.5146672823104993	0.5395915054437159	0	0.6134673072949743	0.6415342489232064	0.5229191697492281	0.5966797352046682	0.4557733153506792	0.5885665030321697	0.5489923761213626	0.5300732913453853	0.5882993443305949	0.5674558178184336	0.5195302474300109	0.5063321110651773	0.5676799662021023	0.6847458693621897	0.6788389723556268	0.575873074480328	0.55353503673725	0.6491535977388134	0.6629723643067824	0.5533961156046597	0.6177882055591678	0.4733465244773032	0.5699891346781213	0.5560715255764088	0.4865406083050218	0.5236866036130767	0.6225406069768274	0.6681995604289834	0.6023235470778243	0.6341483543700728	0.6149829393782436	0.6567497901168491	0.4710130554515378	0.6161087960601244	0.5916995238824539	0.5483443064292671	0.754886833513799	0.5292864709107356	0.5185481916380013	0.6008781980843623	0.6012609728051189	0.5187089076339155	0.6526766166185949	0.6444713168154285	0.6073075941519125	0.6108527434657608	0.6398092273571646	0.4925407495589778	0.5590759780230776	0.6135618988401692	0.5251190760505855	0.6191098844924138	0.7350656864415813
ec1314	0.5636268670620083	0.3633158979049003	0.5289213232169351	0.6193572715526072	0.4690876706714686	0.6125427462342862	0.6134673072949743	0	0.3160199402831522	0.4798929484178271	0.188951231292444	0.5019937570397733	0.3142217996827594	0.3539399558011051	0.3343828301206708	0.3697942662726997	0.3584613968954866	0.5193424767038931	0.5191192391980664	0.5301768400072631	0.2870893080439164	0.4330300889086438	0.3073856617455925	0.4286383221405829	0.4364288321990858	0.4430465165722725	0.400482896961092	0.4223896447270173	0.3817209356814243	0.5353764612200042	0.4141740617786108	0.4593389094884123	0.5049584886257859	0.4914770580355568	0.2675552111182632	0.410425226727008	0.4886397657546406	0.3960940216109181	0.446938475306178	0.5087537732756542	0.3867379866015227	0.4633771155131688	0.5084629644869912	0.7711604193747948	0.3472345092216769	0.5426489502306755	0.6211899109198925	0.6830749796887848	0.5015856433204282	0.6447937166829991	0.5035465426105952	0.4982789640175938	0.4804869059830578	0.4305980577104817	0.5797151539802687	0.6242442513486693	0.4938030193619504	0.4810869589340357	0.5086425618998914	0.7173695281107604
ec1317	0.6124222337557335	0.4669972278656797	0.5827435792493941	0.6403559586960217	0.5104951762497297	0.6166091334989093	0.6415342489232064	0.3160199402831522	0	0.5132553456463951	0.3284359957865818	0.5387057574322763	0.4543859982078673	0.4569653217549353	0.4608587237586101	0.418300276271364	0.4124165045309033	0.4566492893694235	0.5275959676625029	0.545615227790385	0.2810501417324947	0.4381788934503127	0.4336102288857301	0.5022402535467916	0.4580079540183675	0.456180095177387	0.5381715330578923	0.42719428667893	0.5395215869534895	0.5526418929957599	0.4618812688760299	0.5322927053675637	0.575196683218917	0.4805692557186554	0.2772858531387271	0.4313683852697113	0.4927569809633506	0.4445939637391194	0.4268529895365776	0.5186401664314676	0.4006662416342066	0.5194145650118928	0.5844950048545453	0.7599417370480261	0.4752054138049244	0.61080629976529	0.6405163613384007	0.6931386892637127	0.5887110712126403	0.6455910422514332	0.4684518502619838	0.4806777212371361	0.5226295013042783	0.4749531457780962	0.5451681651721609	0.5864999364364077	0.5007330871357658	0.4927692764414723	0.4892565491524457	0.710296418457832
ec1330	0.5232438909501771	0.395267324450584	0.3674603102094844	0.5879233783498379	0.5423756600073365	0.4948552416020123	0.5229191697492281	0.4798929484178271	0.5132553456463951	0	0.5319283873299097	0.4073650131602544	0.3521218523414728	0.3765868615531855	0.4026117105585611	0.3463038572622432	0.3336088156434765	0.5327756650301354	0.2010961199879856	0.5959869817758513	0.4511829268202276	0.4298089641146814	0.3531202568822353	0.4271499891439527	0.4309584449124365	0.5604490026030747	0.4709836529498834	0.3102810542022799	0.2557879753645439	0.3642933011211643	0.3924436547949709	0.2661662943993358	0.4545951480773213	0.4850563615485127	0.4517686413639546	0.2902719302485353	0.4835143173495492	0.488302012187974	0.4404152327616154	0.2614825524762341	0.3402581854959161	0.4827444544973011	0.3568897470773604	0.7852554331763484	0.412563829730641	0.3579598859228098	0.4436003045942216	0.5669872440194423	0.3603462618288394	0.6425211673704538	0.4723111797284733	0.4563763781539971	0.4836869279883097	0.3247839912194041	0.3286717962412881	0.4195672022823802	0.5157036664445483	0.4746551860191725	0.4780320936109257	0.6915772270240235
ec1346	0.5443927859781833	0.4298028592805089	0.5064591179627811	0.585993578792173	0.4338263827156522	0.6159010959467295	0.5966797352046682	0.188951231292444	0.3284359957865818	0.5319283873299097	0	0.4676770695986656	0.4123403931493858	0.4221497588025817	0.3788297704444654	0.4314237604369406	0.4311471045327017	0.4806553053415876	0.5447409483548368	0.510938044067626	0.3192018355466039	0.4631232590099986	0.3654495246881038	0.4171601736811558	0.4866965702383639	0.4083588467817506	0.3807673443423447	0.4656394161270316	0.4653715481941764	0.5622322488777589	0.3908187978592136	0.5397616956335493	0.5158659098515387	0.4503561915517018	0.3343805475659402	0.4661360014730189	0.4466395768973984	0.4330391342177295	0.4985933909010821	0.4827962129488783	0.3688939145093701	0.4085239886390022	0.5353301275455937	0.7500111384807744	0.3358730965597713	0.5398264530446614	0.6144647822327434	0.6768760904196904	0.5557493530487186	0.6448983163187402	0.5365641946537385	0.5315389755185658	0.4546258970468061	0.4990386533763786	0.5630806866863508	0.5804942980894634	0.5040517637257825	0.4842928885949513	0.5218628366432657	0.7096243875696682
ec1349	0.5189609814385342	0.4201232771175889	0.3849135010055334	0.5272944599707036	0.3827394035104331	0.4399842541007363	0.4557733153506792	0.5019937570397733	0.5387057574322763	0.4073650131602544	0.4676770695986656	0	0.4288709127665571	0.449835074744363	0.405368908877591	0.4473297056617916	0.4583411666459579	0.4585315639855119	0.4179889333840445	0.5292730249444305	0.5795597862573014	0.5612401274672633	0.4265573061889419	0.4348731845850157	0.5709821380084305	0.5876241344572144	0.4418493079784137	0.4991380290218145	0.3341138657668953	0.5070092442820758	0.4281153167247969	0.365399192332589	0.3975472309621523	0.50000448803086	0.5866771950703866	0.498492800049019	0.5437315697803876	0.5195906828949661	0.54434217552618	0.3569720718426316	0.468440885926187	0.4518629233461817	0.4035925754369854	0.7479937821554338	0.3902204230440909	0.4356942966708123	0.4586875220380475	0.5624411859159765	0.4372491626109985	0.6141890037036607	0.521987226939054	0.5137391213407093	0.4553082880256888	0.5324323105444656	0.3975658530133873	0.4089387628961759	0.4819034252709793	0.4672760875815157	0.4521212785221256	0.6971934560836257
ec1356	0.6141476511369344	0.177666688822164	0.4429449197856638	0.6436049741173164	0.6192230586767227	0.5929813408688348	0.5885665030321697	0.3142217996827594	0.4543859982078673	0.3521218523414728	0.4123403931493858	0.4288709127665571	0	0.1484650948565084	0.1943054154724219	0.1522309246439489	0.1513704531695423	0.6192411189823546	0.4024789445293617	0.6563232515810831	0.4176094866719103	0.3840122937894873	0.1009591000273754	0.3056497754253882	0.3863828755646146	0.5459728614997934	0.3306156480836285	0.2379207947747956	0.3148256435611484	0.5144411621253154	0.2511217296268723	0.4055270273044282	0.484434708223754	0.4609222749688506	0.404547163963294	0.2199387289923648	0.4587345144924932	0.3857729325049288	0.3998179915514856	0.396152201997605	0.1964783237252448	0.3346403209466026	0.4074798445882422	0.8341210562241737	0.2122704013298205	0.4592887146182084	0.5563228079107277	0.6641023479622016	0.4453866838573852	0.6074614301503056	0.3464447982730927	0.3791364681111386	0.40046451751169	0.2112610572258184	0.4957777720841468	0.5561839644019569	0.3797567999497484	0.3765011363356552	0.4383777185263891	0.6869660545586662
ec1358	0.5903704575329429	0.2221441574168974	0.4580363724457047	0.6210812529260868	0.5748618019523394	0.5680992234866918	0.5489923761213626	0.3539399558011051	0.4569653217549353	0.3765868615531855	0.4221497588025817	0.449835074744363	0.1484650948565084	0	0.1973398844716943	0.1412459174782654	0.1540003028827493	0.624269034507575	0.3663301269439166	0.6450625950161218	0.4283540948207706	0.4023083213232265	0.1591014405125695	0.3463901387239287	0.359491600103688	0.5491729962925158	0.3535499089695596	0.1939859863055744	0.3470144003654694	0.519261620782992	0.2899626664897638	0.429280900029291	0.4678257982860778	0.427845507739337	0.4246921960707579	0.1914103357119966	0.4666343369866002	0.3648275220236079	0.4049490292853861	0.410395091765843	0.2239120578793677	0.3364994354755478	0.4236511879368103	0.8208835084726729	0.2403668621612396	0.4516015912274197	0.5654082681658461	0.6464123624104371	0.4608025567714334	0.5847944417845593	0.3839973616528462	0.3509223523592544	0.4185986089996193	0.2861127579636527	0.5000695464179005	0.5594026427977339	0.3855227011665744	0.3276046580633134	0.4412808481556378	0.6844198223516829
ec1359	0.5579505333518956	0.2599475169438904	0.4524889272827602	0.5910749525019503	0.5747247240688489	0.5523306206924216	0.5300732913453853	0.3343828301206708	0.4608587237586101	0.4026117105585611	0.3788297704444654	0.405368908877591	0.1943054154724219	0.1973398844716943	0	0.1980834153011219	0.1593037032233408	0.6100306237361431	0.3973623643990288	0.6240673753304371	0.4505718969838449	0.4246469797197928	0.1882838366055143	0.3165702016614173	0.3764771602574033	0.5495912111113064	0.3200374754629656	0.2586070727072718	0.3268561810779337	0.5347806208841783	0.3033587171843738	0.4131015076362781	0.4578275017468911	0.4316063521317134	0.4477108929315141	0.2285319934930738	0.473831634527604	0.3355997497569453	0.4478566146157519	0.4182322087424168	0.2647200871071597	0.3535023641816348	0.4309066466791175	0.807388945614104	0.2331563040740195	0.4762900476019339	0.5611115573402118	0.629804814070846	0.4488874691191838	0.5796055391955919	0.4263397053928691	0.3577170979704983	0.3838308512939456	0.338212690593423	0.4998830224153678	0.5652146548706019	0.3947912461253896	0.3467215452276157	0.423583571585621	0.681005306900659
ec1361	0.5768957938551311	0.2305394929700522	0.4834577807092718	0.6282194207778931	0.584863090083052	0.5520588148120955	0.5882993443305949	0.3697942662726997	0.418300276271364	0.3463038572622432	0.4314237604369406	0.4473297056617916	0.1522309246439489	0.1412459174782654	0.1980834153011219	0	0.06958087068582992	0.5992067218061907	0.3073346432747024	0.6312164553117954	0.3838691425826716	0.3490975847042536	0.169769353472301	0.299082962069454	0.3218640797221191	0.5385485709191766	0.3834691733331959	0.09715874452758462	0.3594501985838546	0.5070170542103866	0.2074629523789836	0.3987109654470842	0.4772170202697111	0.3772805832396294	0.4051077616553399	0.1256572609178425	0.427873980233937	0.2907370354377827	0.3785972257254087	0.3645604231509365	0.1458226940845015	0.3445117274590973	0.4505840644100899	0.8153242155855205	0.2518424017477042	0.4909211049388732	0.5547188416052089	0.6394532227723817	0.4370442761107893	0.5692195529595121	0.3334307200810862	0.3202896999362594	0.3722523636635562	0.2499897328978893	0.4857606300038111	0.5319982823496907	0.3947705575171306	0.3467600316961065	0.4018579185532148	0.6811173192999339
ec1362	0.5678456662597565	0.2225903401814254	0.4675068138130476	0.6211868550379455	0.5771909728787515	0.5515624363573666	0.5674558178184336	0.3584613968954866	0.4124165045309033	0.3336088156434765	0.4311471045327017	0.4583411666459579	0.1513704531695423	0.1540003028827493	0.1593037032233408	0.06958087068582992	0	0.6026482111187135	0.3291354247276417	0.6145720882257616	0.3822838460060892	0.360644503210987	0.1455286413959598	0.2777548416435548	0.3025286829149825	0.5328595971938116	0.3577974980093505	0.1233418535767219	0.3543800760397589	0.4947466205259363	0.231852624908969	0.3951642136274933	0.4673764549684012	0.385432923568487	0.3857104345969217	0.09681735705216078	0.4352466446986507	0.2919214715721314	0.3809696954509567	0.3708182863318691	0.1501225886206149	0.3515064203472463	0.4363503327064965	0.8149599630716357	0.2739997169229367	0.4885900135030212	0.541727831223123	0.6355120527875373	0.436036431935762	0.572414678331822	0.3535834846532602	0.3114542777737199	0.376858219553207	0.2390776486386337	0.4698700814508809	0.5367946419294813	0.4026727338283461	0.3315615140624841	0.4043668779270085	0.6727649424725177
ec1368	0.5547922985750069	0.6220863526925101	0.5568324784431281	0.5908902291750754	0.4375537242621357	0.5929657851794605	0.5195302474300109	0.5193424767038931	0.4566492893694235	0.5327756650301354	0.4806553053415876	0.4585315639855119	0.6192411189823546	0.624269034507575	0.6100306237361431	0.5992067218061907	0.6026482111187135	0	0.5370781861282171	0.4611533515643449	0.5384087942311439	0.6255214189476279	0.6053712445593011	0.5779205106688003	0.6301522541700265	0.5526887294206742	0.6109239199698709	0.6323510608124934	0.528293428787848	0.5613254038606798	0.5713469527715231	0.5133275461866077	0.4900815836665436	0.5992500797928053	0.5184421827641132	0.6306124407562138	0.6030293774672419	0.6089831327833024	0.6107984476045001	0.4781315800955101	0.6078100972934477	0.6027289398383695	0.5620045629781498	0.6887537760272477	0.5875163375803238	0.4949876371966075	0.5659558542166117	0.5969014583869563	0.5522229059217131	0.6863839773947191	0.6253843350319526	0.6317209647616532	0.6298489245154566	0.649591054452602	0.5162576612941264	0.5319092177700336	0.6273441957810767	0.5952700371054297	0.6402700030469766	0.7390358764351134
ec1375	0.47392020499413	0.4371289736199017	0.4258931053107494	0.5644600829222782	0.4958681968188349	0.4749410638758799	0.5063321110651773	0.5191192391980664	0.5275959676625029	0.2010961199879856	0.5447409483548368	0.4179889333840445	0.4024789445293617	0.3663301269439166	0.3973623643990288	0.3073346432747024	0.3291354247276417	0.5370781861282171	0	0.576146220869527	0.4695188813733782	0.4502425012423915	0.3985695602299609	0.4503042983045644	0.428121165334553	0.586552367840229	0.5006324626132534	0.2694085403787914	0.276586425593941	0.3602716997059942	0.3873944770679911	0.35630073496678	0.4208588735232592	0.4577781579515676	0.4706564820357678	0.2925695238353963	0.500643214398851	0.4642906266822179	0.4728397749017819	0.1996745766323995	0.3624029931996516	0.4813021752380093	0.3835423725953445	0.7631812762967691	0.4266116149236761	0.4106690178363535	0.4620213806830704	0.5353225621275898	0.3284411819870119	0.6235193954776426	0.4700722925899224	0.4511572992128018	0.4825762405916437	0.3369024372847905	0.3100759638758323	0.4072974933117047	0.5184794388121038	0.4566533484149664	0.4883736791734556	0.6851268552074287
ec1377	0.5913046298410805	0.6617956026331592	0.6031336632847227	0.5227679113967559	0.4269031088761215	0.5924289693211419	0.5676799662021023	0.5301768400072631	0.545615227790385	0.5959869817758513	0.510938044067626	0.5292730249444305	0.6563232515810831	0.6450625950161218	0.6240673753304371	0.6312164553117954	0.6145720882257616	0.4611533515643449	0.576146220869527	0	0.5931493538018473	0.561716954522564	0.6321261565506218	0.6087802070655676	0.5289005719826547	0.5468331426980269	0.6412894717199769	0.6569674704431485	0.5775902914558951	0.4609146439786925	0.6277850993044057	0.5714765025521147	0.3904247913862984	0.523389684681988	0.5237091339812466	0.6431552775965633	0.5527071125130272	0.5084474906781901	0.5398658498796052	0.5467775910841871	0.6354907854393107	0.6643159784406781	0.5866349377987651	0.6606820577761806	0.6292303380326012	0.6160846071262599	0.5601212646260013	0.6458488305305355	0.5962488291716977	0.6721171095280445	0.6796948365004117	0.6474353540974341	0.6617997780677427	0.6776048139304606	0.5653980194204442	0.5751088776781973	0.6713788731752203	0.6022188295737213	0.6731798265847718	0.7409428361484118
ec1378	0.6064404187490701	0.4353737097005342	0.5900260739083971	0.6721877674196275	0.5363015477848795	0.657515018564125	0.6847458693621897	0.2870893080439164	0.2810501417324947	0.4511829268202276	0.3192018355466039	0.5795597862573014	0.4176094866719103	0.4283540948207706	0.4505718969838449	0.3838691425826716	0.3822838460060892	0.5384087942311439	0.4695188813733782	0.5931493538018473	0	0.3564801227281172	0.3951326997056364	0.4744251213413774	0.3885300619978452	0.4244398566565703	0.5152290012983538	0.3431804196546663	0.5164439486122099	0.5023263861126365	0.4275488363847917	0.5536972084893075	0.5634182771277071	0.4304389402264854	0.2168700715804583	0.3465442709977481	0.4287203939768372	0.4283515840525162	0.4040331433460831	0.4931086682314894	0.3581531100422368	0.4993314161219864	0.5668984196365772	0.7745419495966869	0.4440793743570909	0.5960718010008648	0.6125523606838383	0.6983071867906353	0.5715900728717616	0.67049342281778	0.496574069594971	0.506940150037659	0.4987416400958536	0.389358266969367	0.550019058008831	0.5879870721700644	0.5304551708834485	0.5239746010635521	0.4966584504384364	0.7123347585646818
ec1380	0.6134907379317681	0.4134758289132706	0.579143130161455	0.5546326859070115	0.6242334564622771	0.649711411260448	0.6788389723556268	0.4330300889086438	0.4381788934503127	0.4298089641146814	0.4631232590099986	0.5612401274672633	0.3840122937894873	0.4023083213232265	0.4246469797197928	0.3490975847042536	0.360644503210987	0.6255214189476279	0.4502425012423915	0.561716954522564	0.3564801227281172	0	0.3669934901202046	0.4542536274081022	0.08620914244922484	0.5613309665855487	0.4978408535746472	0.3159666818193023	0.4996801804357844	0.2875842212011488	0.4032958609076531	0.5374592990459475	0.3843374783563196	0.1608395938934679	0.3833552557836628	0.317472323138565	0.1459067805067174	0.1511031778473913	0.1009058331235085	0.4735432884841598	0.3296942092469751	0.4822636188843105	0.556065895784088	0.7588010619150197	0.4247456234620482	0.5844525208896739	0.5983260608885059	0.6894374232018564	0.5566179333019045	0.6580629319412598	0.4763346882561598	0.4921602545594398	0.478251198205966	0.3616300761817952	0.5347838182007143	0.5761606781209152	0.5130503122536794	0.5089083732682922	0.4780155880779607	0.7067728932263537
ec1390	0.5999422887292413	0.1661418571308852	0.4403667897640575	0.6162714415403939	0.5899391773112376	0.587387901105401	0.575873074480328	0.3073856617455925	0.4336102288857301	0.3531202568822353	0.3654495246881038	0.4265573061889419	0.1009591000273754	0.1591014405125695	0.1882838366055143	0.169769353472301	0.1455286413959598	0.6053712445593011	0.3985695602299609	0.6321261565506218	0.3951326997056364	0.3669934901202046	0	0.3002438323013454	0.381340423626999	0.5144654732187822	0.2841745487744378	0.2367197862098537	0.2989026867923533	0.500446751549844	0.240795145296658	0.4102590995213943	0.4685912106383647	0.44435313424169	0.3976887733449792	0.2158132942544106	0.4398797816867871	0.3677256967932001	0.3996459064808187	0.3760349489360488	0.1295881257520405	0.3176215246767563	0.4066944714224246	0.8276272900050035	0.2217091145323283	0.4506863983914793	0.5522816684760437	0.6640884216079227	0.4365040017414261	0.6020338836478455	0.3696875299200978	0.3822445455227117	0.3848820622072657	0.263036774435164	0.4820757743413511	0.5469891850177803	0.3659702287880337	0.4038836959374228	0.4211006635592389	0.682847593064175
ec1391	0.5258102686109206	0.3426944566870845	0.4592402646126861	0.6113443340047384	0.5629895269941428	0.5583605592605665	0.55353503673725	0.4286383221405829	0.5022402535467916	0.4271499891439527	0.4171601736811558	0.4348731845850157	0.3056497754253882	0.3463901387239287	0.3165702016614173	0.299082962069454	0.2777548416435548	0.5779205106688003	0.4503042983045644	0.6087802070655676	0.4744251213413774	0.4542536274081022	0.3002438323013454	0	0.4520175845624657	0.5435164786755373	0.3103390673225059	0.3572715742916314	0.4146517859590476	0.5513928839775514	0.2017200720244357	0.4537965421867186	0.4596754636370284	0.4233532411885575	0.4320432764863088	0.3258251048952492	0.4378621361613125	0.4223370280611084	0.4729755922908951	0.3761966090207046	0.3027621855936081	0.3567785648116943	0.4785508263905358	0.795178318094064	0.2993300243505449	0.5021924012959629	0.5270146755109467	0.6267506030664163	0.4357335158296148	0.5679207612540056	0.4271634880063333	0.4402474577589826	0.3705231761326631	0.3471715080486762	0.4728703143354137	0.5198252391231727	0.4731030166311671	0.3141535243850191	0.4650035872154307	0.6414745759501058
ec1392	0.5868097144680827	0.418177813822431	0.5788474807028466	0.5224396035913735	0.5979290961044944	0.6213462592607172	0.6491535977388134	0.4364288321990858	0.4580079540183675	0.4309584449124365	0.4866965702383639	0.5709821380084305	0.3863828755646146	0.359491600103688	0.3764771602574033	0.3218640797221191	0.3025286829149825	0.6301522541700265	0.428121165334553	0.5289005719826547	0.3885300619978452	0.08620914244922484	0.381340423626999	0.4520175845624657	0	0.5624685787295224	0.497683325218941	0.2802413235447779	0.5068924328623154	0.2910288615984237	0.4354982665113075	0.525759379057216	0.3400200383427599	0.1361816627217246	0.3804218038023979	0.2472632027183509	0.2004235247845916	0.1320577288153104	0.1182300066734132	0.4993465753231427	0.3689301850826958	0.4938704454979573	0.5534214291074343	0.7495784634275965	0.4533607189323125	0.5862193513997811	0.5958831504082875	0.6639292686641458	0.5583068785905883	0.6341659332355175	0.493880754592374	0.4436545909131838	0.5048648805064605	0.3654791206536875	0.533335655313632	0.5868049822337086	0.5295854130877627	0.4630277157087878	0.494829440476124	0.6994822440887392
ec1393	0.5824994010479541	0.55974049855046	0.5617138868946475	0.6174878771280122	0.5315764162441161	0.6466633888003808	0.6629723643067824	0.4430465165722725	0.456180095177387	0.5604490026030747	0.4083588467817506	0.5876241344572144	0.5459728614997934	0.5491729962925158	0.5495912111113064	0.5385485709191766	0.5328595971938116	0.5526887294206742	0.586552367840229	0.5468331426980269	0.4244398566565703	0.5613309665855487	0.5144654732187822	0.5435164786755373	0.5624685787295224	0	0.5498890926935539	0.5622305397127543	0.5725816889225483	0.5423027789699324	0.5199229586543391	0.5953397000244607	0.5811045180613952	0.5554825896775765	0.4542594433172985	0.5552289974193668	0.5529897108842403	0.5593083652162455	0.5655247026747519	0.5385939971741222	0.5148060842220755	0.5714943220999792	0.579568031783141	0.7726303310516544	0.5278894287068209	0.5990070157125097	0.5938163376335449	0.6945116964033304	0.6082540151835033	0.6701796672685129	0.6125325557359823	0.5781004622992132	0.5781896388162705	0.5732748046790282	0.5934611777649871	0.616283369604444	0.6185947877427799	0.5816716167081399	0.6115821384067214	0.7237694271142342
ec1394	0.5456334673267985	0.3594139184859553	0.4686973878915771	0.596892245876039	0.5793921745520799	0.5682596720969558	0.5533961156046597	0.400482896961092	0.5381715330578923	0.4709836529498834	0.3807673443423447	0.4418493079784137	0.3306156480836285	0.3535499089695596	0.3200374754629656	0.3834691733331959	0.3577974980093505	0.6109239199698709	0.5006324626132534	0.6412894717199769	0.5152290012983538	0.4978408535746472	0.2841745487744378	0.3103390673225059	0.497683325218941	0.5498890926935539	0	0.4202166719429207	0.3885784752799347	0.5804379154821762	0.3002179705652758	0.4720746763178684	0.511810594163328	0.4816728635303982	0.5016280860871913	0.3946817022488129	0.4765506530281416	0.4679861231191695	0.5151427009796651	0.4379407084803514	0.3427854939295827	0.366393811777274	0.4784176058329423	0.77756987808218	0.2713182044110474	0.5026603784960539	0.4789182877653973	0.5909116502252312	0.3963067665179282	0.5324146686286672	0.3597530037898685	0.4823399541195796	0.408200583741908	0.4153493704510408	0.5139932186274975	0.5583637295765818	0.4710239175317301	0.4007376010962484	0.4898953427552274	0.6195358310013969
ec1396	0.5953816385969289	0.2928250028339812	0.5134819695711001	0.651461540888379	0.6074292319090773	0.5724207090826704	0.6177882055591678	0.4223896447270173	0.42719428667893	0.3102810542022799	0.4656394161270316	0.4991380290218145	0.2379207947747956	0.1939859863055744	0.2586070727072718	0.09715874452758462	0.1233418535767219	0.6323510608124934	0.2694085403787914	0.6569674704431485	0.3431804196546663	0.3159666818193023	0.2367197862098537	0.3572715742916314	0.2802413235447779	0.5622305397127543	0.4202166719429207	0	0.409923444498982	0.4873966171800928	0.2697802944999902	0.4499544140234042	0.5171278575575881	0.3478615034393689	0.3699671769608436	0.05159328230941752	0.4033545552168262	0.3383924010571247	0.3436052075724766	0.3899509499308121	0.1792467436084639	0.3821783666660963	0.4838497500149093	0.8123688980289765	0.2991205604797539	0.5237054634016001	0.554400773389649	0.6341516061796646	0.4855853856621241	0.5908159945366916	0.3561732090230085	0.3328129990686639	0.3976294231756043	0.1971277377622356	0.4629954379754963	0.5158725874202404	0.4360743518978081	0.3573798527444914	0.3863181215297771	0.6735949722452836
ec1400	0.4568066033382108	0.3392937550500765	0.3581017077827192	0.5009917136849682	0.5102701931113343	0.4483383986063237	0.4733465244773032	0.3817209356814243	0.5395215869534895	0.2557879753645439	0.4653715481941764	0.3341138657668953	0.3148256435611484	0.3470144003654694	0.3268561810779337	0.3594501985838546	0.3543800760397589	0.528293428787848	0.276586425593941	0.5775902914558951	0.5164439486122099	0.4996801804357844	0.2989026867923533	0.4146517859590476	0.5068924328623154	0.5725816889225483	0.3885784752799347	0.409923444498982	0	0.4109644038860448	0.389342809332031	0.270971765412982	0.4133177590169891	0.5418427761485594	0.5209642058652255	0.404231512577759	0.5385429142635971	0.4596647934669213	0.5098696114844644	0.2445801125509255	0.3696384444419228	0.4413334903511981	0.3394707197321206	0.7755585355217819	0.3236263570569788	0.3505110187811302	0.4937929292963352	0.5642700256369159	0.2954725671453609	0.6356564603885663	0.4948635553876202	0.4905944518503711	0.4649531552519055	0.4303663233112237	0.3893716431955541	0.4807099627636979	0.482558073695122	0.4736712475741134	0.4911526024085209	0.715436335964568
ec1406	0.521529418848396	0.5210407467629278	0.5129857182262191	0.465974802166969	0.5382509423895084	0.5844471722621171	0.5699891346781213	0.5353764612200042	0.5526418929957599	0.3642933011211643	0.5622322488777589	0.5070092442820758	0.5144411621253154	0.519261620782992	0.5347806208841783	0.5070170542103866	0.4947466205259363	0.5613254038606798	0.3602716997059942	0.4609146439786925	0.5023263861126365	0.2875842212011488	0.500446751549844	0.5513928839775514	0.2910288615984237	0.5423027789699324	0.5804379154821762	0.4873966171800928	0.4109644038860448	0	0.5340440101635021	0.4685622698406858	0.3347328474292333	0.3495760324103152	0.499913580084941	0.4703428539839654	0.3516121121375759	0.3491586267476374	0.3133433078367143	0.3736213187203008	0.4943975929504372	0.5820289004426817	0.4941309242278081	0.7201025421695373	0.5477310410910381	0.5005847981667897	0.4939499287345454	0.6204040907839208	0.4519332022338927	0.6973342026365779	0.5901079607087572	0.5724177756154627	0.5810314025376155	0.5042829645947525	0.4280479469537801	0.529717065548748	0.6027587376240774	0.5900728969194445	0.5811184034204748	0.7339722578372356
ec1408	0.5440035716342742	0.2936700586912634	0.4417957699455298	0.6268762142736193	0.5870159293965603	0.5497878714408608	0.5560715255764088	0.4141740617786108	0.4618812688760299	0.3924436547949709	0.3908187978592136	0.4281153167247969	0.2511217296268723	0.2899626664897638	0.3033587171843738	0.2074629523789836	0.231852624908969	0.5713469527715231	0.3873944770679911	0.6277850993044057	0.4275488363847917	0.4032958609076531	0.240795145296658	0.2017200720244357	0.4354982665113075	0.5199229586543391	0.3002179705652758	0.2697802944999902	0.389342809332031	0.5340440101635021	0	0.4483021114603833	0.4931036239237308	0.3939175183456897	0.4080857783285568	0.2929541512326715	0.3877683785111466	0.400274957102021	0.4394770335773032	0.3083460230403166	0.2187831405678992	0.3035716555595461	0.4507357340613445	0.8090348728657774	0.2348199926269887	0.4753481670062502	0.5299662373478232	0.6377029131015081	0.4361634616688735	0.564023172447001	0.3783648675740915	0.4053674823483817	0.3325180438765247	0.2909949356896788	0.4508176421307438	0.4850311939440057	0.4301278666432757	0.3681442120055748	0.4440290756367005	0.6538539320721131
ec1409	0.5277146301925161	0.4498412845901538	0.4412630882587022	0.5559529418060414	0.5118429080781572	0.4734420781085693	0.4865406083050218	0.4593389094884123	0.5322927053675637	0.2661662943993358	0.5397616956335493	0.365399192332589	0.4055270273044282	0.429280900029291	0.4131015076362781	0.3987109654470842	0.3951642136274933	0.5133275461866077	0.35630073496678	0.5714765025521147	0.5536972084893075	0.5374592990459475	0.4102590995213943	0.4537965421867186	0.525759379057216	0.5953397000244607	0.4720746763178684	0.4499544140234042	0.270971765412982	0.4685622698406858	0.4483021114603833	0	0.4739796807396018	0.5597908519228934	0.5449928803836049	0.4355620968088944	0.5709626558658851	0.4932540377094959	0.4846895393416968	0.364116224411647	0.4288302726998222	0.5180465604099688	0.4193664180193073	0.7753039502434543	0.4254612481107233	0.4158075018303917	0.5143329298024371	0.5673472413848907	0.3638962710729117	0.6315319075092864	0.4868304794960927	0.4619546532452194	0.5071043251252392	0.4653262510740021	0.408448603103671	0.4754845072614655	0.5090106496351696	0.4582162305282477	0.4844985525703254	0.7017978170042908
ec1411	0.4910652693155311	0.5004087862575403	0.4748081963756047	0.4498406308916434	0.4669148852928811	0.539066941689274	0.5236866036130767	0.5049584886257859	0.575196683218917	0.4545951480773213	0.5158659098515387	0.3975472309621523	0.484434708223754	0.4678257982860778	0.4578275017468911	0.4772170202697111	0.4673764549684012	0.4900815836665436	0.4208588735232592	0.3904247913862984	0.5634182771277071	0.3843374783563196	0.4685912106383647	0.4596754636370284	0.3400200383427599	0.5811045180613952	0.511810594163328	0.5171278575575881	0.4133177590169891	0.3347328474292333	0.4931036239237308	0.4739796807396018	0	0.3560504108394112	0.5443497478226097	0.5002451108163241	0.3765859910729579	0.3371849029486987	0.3958899818804045	0.4076131259930123	0.5225092187228376	0.5211535694834238	0.4328930432036295	0.6985588615726499	0.4953849132654711	0.4810536815055568	0.4867641823941457	0.6140953765165	0.4741723548054804	0.6459949072157384	0.585850394091083	0.5604850522007683	0.5631550510457037	0.5448956797039163	0.4900507721757722	0.5075431681398606	0.5728191318347845	0.4906490336796301	0.6143504800618559	0.7068075448890675
ec1420	0.5614184819674531	0.4757270946407736	0.553587953708074	0.4945040444007049	0.5467718054125239	0.6067285893400183	0.6225406069768274	0.4914770580355568	0.4805692557186554	0.4850563615485127	0.4503561915517018	0.50000448803086	0.4609222749688506	0.427845507739337	0.4316063521317134	0.3772805832396294	0.385432923568487	0.5992500797928053	0.4577781579515676	0.523389684681988	0.4304389402264854	0.1608395938934679	0.44435313424169	0.4233532411885575	0.1361816627217246	0.5554825896775765	0.4816728635303982	0.3478615034393689	0.5418427761485594	0.3495760324103152	0.3939175183456897	0.5597908519228934	0.3560504108394112	0	0.4517890899856418	0.3501738435557389	0.1606693145261959	0.1971382560759618	0.2024292291342883	0.4780829555282278	0.4155227421277484	0.4564690788692258	0.5784476605289151	0.7316412777372003	0.4297866060190766	0.5800936945509851	0.5939517085720105	0.6496430647073655	0.5894524324060192	0.6178257253760735	0.5160121179522513	0.4792061681714308	0.485870490730512	0.4423190236315802	0.5133229528162755	0.5462191477397035	0.5336235089729267	0.4572215381676396	0.509805150060156	0.6859818879195004
ec1422	0.5929563108868684	0.4366416793689472	0.588555893825652	0.6683471100950954	0.5259614559984236	0.6443567223052734	0.6681995604289834	0.2675552111182632	0.2772858531387271	0.4517686413639546	0.3343805475659402	0.5866771950703866	0.404547163963294	0.4246921960707579	0.4477108929315141	0.4051077616553399	0.3857104345969217	0.5184421827641132	0.4706564820357678	0.5237091339812466	0.2168700715804583	0.3833552557836628	0.3976887733449792	0.4320432764863088	0.3804218038023979	0.4542594433172985	0.5016280860871913	0.3699671769608436	0.5209642058652255	0.499913580084941	0.4080857783285568	0.5449928803836049	0.5443497478226097	0.4517890899856418	0	0.3426683177003478	0.4473664269250977	0.4509281055118251	0.4061118988247427	0.4923461007600596	0.3894054840163965	0.512847526632796	0.5540557003359107	0.7583523333246712	0.466745679086659	0.5945781510619697	0.5977337461475835	0.6847592102599923	0.5395475163749419	0.6536135064941548	0.4986353502055016	0.4991231408886184	0.5017345649296696	0.3549768916802155	0.5356753458960634	0.5852378615340385	0.5458349765397967	0.5056184384749486	0.5166780246699162	0.6988524278879411
