	ec1254	ec1270	ec1278	ec1306	ec1322	ec1325	ec1341	ec1350	ec1353	ec1354	ec1357	ec1364	ec1367	ec1369	ec1372	ec1382	ec1384	ec1386	ec1388	ec1398	ec1401	ec1403	ec1404	ec1412	ec1416	ec1417	ec1419	ec1428	ec1430	ec1433	ec1436	ec1441	ec1449	ec1450	ec1460	ec1468	ec1489	ec1490	ec1492	ec1497	ec1498	ec1500	ec1503	ec1505	ec1508	ec1510	ec1511	ec1514	ec1521	ec1524	ec1525	ec1526	ec1529	ec1530	ec1534	eti112	eti122	eti124	eti126	eti146	eti147	eti149	eti153	eti154	eti156	eti161	eti164	eti165	eti166	eti167
ec1254	0	0.2513345587704283	0.5659831806255697	0.6581085060373393	0.4925461565970194	0.2291178298864623	0.6087909472722201	0.3289240198103251	0.4936817126347667	0.4851760161441936	0.5079903285451183	0.4525970836766393	0.5093110787006864	0.4386355674527222	0.6011370716837496	0.437507834372071	0.4003208383408943	0.6057930679835046	0.5744999329068258	0.5905380009841457	0.6420237971597911	0.4671404285459199	0.6055143528920002	0.4153021851423025	0.5017556476375948	0.4808395761403878	0.4414393026140498	0.547992530843461	0.5114272207219293	0.5130487268468267	0.510370776754173	0.8075303975758835	0.7872867867193378	0.5270416707815796	0.6782963697984163	0.4913393866650916	0.5970849446008301	0.5831280439238227	0.5245693168042993	0.6015917361262723	0.6731072967472581	0.4828848493421032	0.3399672491639619	0.471997595040857	0.6168721885298524	0.6243969480386744	0.6361098347885004	0.5243979625446296	0.571514253143332	0.4977096835467757	0.5083147621321343	0.6199712524789898	0.585187280619919	0.6863954181941447	0.6228941740612335	0.5455590357677362	0.5442029536640599	0.5435354929118098	0.4687460573718136	0.5321803550086707	0.4857459290046404	0.6569043895087469	0.5936299917022748	0.5304359049237269	0.5656612489398049	0.5212759810198282	0.5455371138309558	0.524760716710301	0.6370193328055999	0.6050774848250756
ec1270	0.2513345587704283	0	0.4984223963191639	0.593815944868584	0.3750816880143861	0.177851526595534	0.5304083129897367	0.218805366274321	0.4489541257812144	0.4600647857064039	0.4042442015475453	0.4162108845768842	0.4633568951395788	0.3888712819916273	0.557943821147504	0.409907802101642	0.3976038239898265	0.5318666349046671	0.5415433751262203	0.5120737169971612	0.6002062754336253	0.4065483804438532	0.5542065816647722	0.3589129054127401	0.3965544476303007	0.4304589819797187	0.3959838288633895	0.5168761569576547	0.3972492020640405	0.4461972765744111	0.4047835528289734	0.8017092837289836	0.7736840964266851	0.5757454741076705	0.6391411726457543	0.4068745574257484	0.5502282474807111	0.5009255326818532	0.4457604934232321	0.5581372957709114	0.6455893241855573	0.4497258301470118	0.2225415621255862	0.418784525917752	0.5911221071243633	0.6077892367716301	0.5932681352230091	0.4243515257851637	0.4940295663718506	0.3990890918783214	0.4140662377851218	0.5700835297094233	0.5427991389558168	0.6646563086290048	0.579352284328546	0.440867163008084	0.4471420720084656	0.4448638239720522	0.4162441789750787	0.4391519474012944	0.4259346989556088	0.6357792269666326	0.5649234632565951	0.4317402001285628	0.5279804980810309	0.4649077698564042	0.4965356330309969	0.4514319684430013	0.6015493402656674	0.5643454121414471
ec1278	0.5659831806255697	0.4984223963191639	0	0.5187362387259109	0.6486034092434549	0.4775339687694724	0.6199070626498203	0.4712752823341889	0.4596969800095438	0.4231671464813794	0.6666107855283965	0.6238668809122467	0.6204698726530361	0.6324456452075959	0.6544358649632448	0.6119596126216043	0.6219289875179217	0.5596026008367528	0.6607624195332139	0.518052480480201	0.5307261159801844	0.6659373017949711	0.5786673763079153	0.5779712516846326	0.6641520992476767	0.4877106924186671	0.6258122810996924	0.6008777324848587	0.6700418609695381	0.4956129896247065	0.6743526553383152	0.6579559480332778	0.7526011198732903	0.5820182917005848	0.5313016416639522	0.6647082624211588	0.5745265634022513	0.6931232274082536	0.6316307838943189	0.5830653011964164	0.5503147507799585	0.6602830238894929	0.5581542848362425	0.6801987029009443	0.5807138509601208	0.4498467337129616	0.6373149868992247	0.6805624710044262	0.6231971499599579	0.6489228443234276	0.6716729372416353	0.6165574043915644	0.5669745160585657	0.5680657671017497	0.6650273795548568	0.6383071393453803	0.6359174102854868	0.6279532386122567	0.6670500929798157	0.6702540109274302	0.6791403507724921	0.5602576449181573	0.6630258067107437	0.6036551669609882	0.4883736985010733	0.6407248658317959	0.6884362270775048	0.6512398935148989	0.5430766694120928	0.5810193836376775
ec1306	0.6581085060373393	0.593815944868584	0.5187362387259109	0	0.4990659160319105	0.5858013974238984	0.4562314556854385	0.5785651373886626	0.4984057486003203	0.4517424527997235	0.473731104660007	0.5036464473476893	0.4972030407269002	0.5021867603486947	0.5645379838576781	0.4930235406980243	0.5112149070582938	0.3182050200278757	0.5492096523280501	0.2809012961496922	0.5019580086284835	0.4816349165210894	0.3949062703318736	0.5768242878995971	0.4624602450829037	0.5468597442259315	0.5227832939052299	0.4523691350909973	0.4752667796721846	0.4529929501972846	0.4819296048132749	0.7641171512307564	0.7982298735250254	0.4001450643829452	0.6786376611873579	0.5159512100184623	0.3916707144559384	0.5365253413469405	0.4933698120466978	0.3660935386214087	0.6594615985744327	0.5392526392143679	0.5825934903164847	0.4998887657061124	0.6095150688007536	0.5970602294184839	0.6831667001549193	0.4912704291442517	0.4746157705442131	0.5108768121337208	0.4780062913269658	0.4322727297193414	0.3198733487466907	0.6891221949413667	0.5366589355051546	0.4546446476867613	0.4295660820558664	0.502094795572008	0.4761618797170625	0.5008205787295058	0.5026597493994899	0.6089892510285249	0.5667133315248095	0.4788482101034885	0.526427484115068	0.5192676888132389	0.5543113208060114	0.6393769636199922	0.3996313901442566	0.3539936960807983
ec1322	0.4925461565970194	0.3750816880143861	0.6486034092434549	0.4990659160319105	0	0.3665669997002197	0.4229257057954873	0.3903678935044166	0.5414125477702674	0.5504864098853588	0.1827050214206871	0.2745161319358509	0.3491083576292414	0.2393324090680171	0.487102182823434	0.2753891314636541	0.2600845505299171	0.3990815621624426	0.4630432815511628	0.4211740774090036	0.626329025621281	0.2000521103500312	0.4291657115908667	0.3512366169560289	0.1516193835483862	0.535029125068471	0.3109025722719183	0.4266619713430911	0.1651072186941954	0.5093405706495732	0.1961573389001262	0.8431942708738371	0.808929082750404	0.5102098387679688	0.7082299341331239	0.2521569905692448	0.4789594281160375	0.3314194884355176	0.3134044664991398	0.4575883578090003	0.7281770301868835	0.3151677388278887	0.3989887023566593	0.2271863858958122	0.6205395401375631	0.6865351672249309	0.6689114925045204	0.1854921255965358	0.3367732438705976	0.2456054084271937	0.1709545813472335	0.4741447212167579	0.4091992015478857	0.7528911994702759	0.4708027846619676	0.2363687378792103	0.2385702375821146	0.3197125486595604	0.191914416024369	0.2135964255569922	0.2267657139356456	0.7091384882283275	0.4952963555391511	0.3028725167563452	0.6247507291501539	0.3745853691060693	0.3610668697203434	0.4622625770316002	0.5513953515173565	0.4426311237333058
ec1325	0.2291178298864623	0.177851526595534	0.4775339687694724	0.5858013974238984	0.3665669997002197	0	0.5254246152124572	0.1693484307103467	0.4193419147958066	0.4664853289707609	0.3874061434106074	0.3321409928101531	0.4034357856060821	0.339838292210171	0.5254266612974109	0.311917620180367	0.3181634551531236	0.5267702180734679	0.5105898185089212	0.5038496507842457	0.594500952448649	0.3867991992226457	0.5465483599397261	0.3412014577294181	0.3776284584334833	0.4470208368939997	0.339790863011657	0.4519627993014093	0.3798434247616036	0.4597035030470535	0.3948573380677686	0.8007204360324374	0.7815791471721569	0.548440632838738	0.6493724257963167	0.3832657866247829	0.5423131487024122	0.4855313337892606	0.4260044304577876	0.5584980480925255	0.6639236155192118	0.4336791300097306	0.2787734564627825	0.4206157876122276	0.6017194971929158	0.5866465125205248	0.6129329338726838	0.408041507177211	0.4838402308668092	0.3859215593204166	0.3942069353957895	0.5773112045534727	0.5328388266277509	0.6717787264430396	0.5640497057472635	0.4255976906371216	0.4285769343310194	0.4358865174751933	0.404181937350664	0.4272549015090977	0.419299556182424	0.649103932272075	0.5273244766665305	0.4211033150127106	0.5477513958229064	0.45513898583191	0.4933262365263146	0.4366081304297848	0.594903689985512	0.5550204295316875
ec1341	0.6087909472722201	0.5304083129897367	0.6199070626498203	0.4562314556854385	0.4229257057954873	0.5254246152124572	0	0.5432845146773748	0.5658102427374706	0.5960045705518763	0.3884050787445359	0.4545948741315525	0.4512482497831612	0.4227708924344356	0.5359831879999855	0.443309325095787	0.4347147956007776	0.4523358769077099	0.3139995891577823	0.4194287355033996	0.6118127666750476	0.3892932935756082	0.4797343007708351	0.5187014892430716	0.3838263222432301	0.5399917579567359	0.4632577902852497	0.1947091021136297	0.3827330706324722	0.5601416236713904	0.3920685953421904	0.8195927868462544	0.8065337248455514	0.5342427482404689	0.699813713993592	0.4506059963066801	0.3387535299664938	0.4934227799597095	0.4676219036073752	0.4814802370640914	0.7002661411075741	0.4840990323567086	0.5120409939855117	0.4030523419896778	0.6251413064272928	0.6781134463959719	0.6857896071659574	0.4184629089485095	0.411282334818695	0.4484910844899542	0.4034817686418322	0.5029068350563476	0.4637434587441613	0.7305034361579116	0.3184464919547697	0.3683923926524199	0.3745701258023038	0.4614249523026036	0.3993191608659863	0.4336284654249226	0.4106983111490927	0.6940843817925195	0.5760406257153929	0.4656359863090995	0.6152582665850054	0.4647869742863888	0.5017188357507781	0.6102860057910998	0.3869378893551557	0.4906033166623918
ec1350	0.3289240198103251	0.218805366274321	0.4712752823341889	0.5785651373886626	0.3903678935044166	0.1693484307103467	0.5432845146773748	0	0.4320305432652722	0.4578761477563317	0.4183870194589433	0.3929073131908896	0.4310653469251007	0.3730030746381142	0.5252756645724185	0.3631175840461655	0.4038634868009605	0.5441804476945281	0.527148236576596	0.5208284014024233	0.6030577540983583	0.4218444128262804	0.5578310052922653	0.375920234160001	0.4040692803374293	0.4582108252282685	0.3706020234045711	0.5064023633127938	0.4195964981517759	0.4773475401633585	0.4342768811071057	0.783759313047181	0.758484860010578	0.5742584678937044	0.6063575835100151	0.411032609359781	0.5583802361060617	0.4893268392249144	0.4472130474999607	0.5786356120336148	0.6402364215774834	0.4510283554927891	0.2950347422432585	0.4538141848719069	0.5673299808912267	0.6006349067449515	0.5755097141792931	0.4334206512800718	0.4432496690255633	0.3837536912278309	0.420672590200338	0.5938865165582562	0.5468492453924866	0.6444024292991145	0.5772712507257762	0.4378938205532395	0.421154196204056	0.4408870594575273	0.4282370739139455	0.4462102371392637	0.4520863513260091	0.6256845537216549	0.5351656572960486	0.4160835052973822	0.5145930840520692	0.4520469131309349	0.4991131476383445	0.4235095445263709	0.5737704927658632	0.5664824207583102
ec1353	0.4936817126347667	0.4489541257812144	0.4596969800095438	0.4984057486003203	0.5414125477702674	0.4193419147958066	0.5658102427374706	0.4320305432652722	0	0.402370608195705	0.5672240118569938	0.5529613472671716	0.5517382484656399	0.5028021095806463	0.5541414834508773	0.5589733750518984	0.5179138284019019	0.4807987230022277	0.5287176514179496	0.4262485265999142	0.5005049870841639	0.5432508476455616	0.4458382038005173	0.4510795109227376	0.5664817602259788	0.4532998114394446	0.5348578348646261	0.5300559304575679	0.5767508391081952	0.4085358512124596	0.5831339034840745	0.7355996325403907	0.7646184379133184	0.5028003873090844	0.6267798590510208	0.5629727494496218	0.4599791688626694	0.6113662393186492	0.580949098245634	0.4627152326463875	0.6523413258384579	0.5503025563037295	0.5023362167908112	0.5646909634616128	0.5768194184150414	0.5232093726581591	0.6649935999139361	0.5774101889194334	0.5843002319404316	0.5554949692300923	0.566432476549969	0.4773323374956974	0.4412726591750941	0.6599550576984407	0.5726013466876869	0.5516927260702419	0.5413483549991992	0.581121035906184	0.5421616505876443	0.5900310100179534	0.5519627566858284	0.5622463417968062	0.6295288853416914	0.5632850633883462	0.4841687291896726	0.5337991878395876	0.6051690143151258	0.5614832658378105	0.5197633140952985	0.462765502141873
ec1354	0.4851760161441936	0.4600647857064039	0.4231671464813794	0.4517424527997235	0.5504864098853588	0.4664853289707609	0.5960045705518763	0.4578761477563317	0.402370608195705	0	0.5722810155354175	0.547122196731905	0.5760088196266157	0.5187908390352863	0.6172430898932295	0.5376707696613016	0.5312204607938991	0.4428984696465813	0.5592905738009427	0.4250772184416738	0.4421276995168362	0.5500528551733425	0.4610781570338888	0.4396035516475217	0.5618686531630208	0.3490435162784583	0.5132583117956541	0.5725313350205141	0.5780448664031034	0.3529841475540279	0.5783626889949433	0.7052075235655232	0.7427468478832274	0.4730518070163897	0.5741795286188042	0.5419964449376022	0.4322407107741459	0.6042270034805822	0.521021048356845	0.4449510381974964	0.5615683872390389	0.5241882981101835	0.368852778058209	0.5658289780227351	0.5173311601218143	0.4768594509253463	0.6112345288128551	0.5793977386364679	0.6126850908760341	0.5370030434788552	0.5676410194873894	0.497008402083753	0.4003642147358403	0.5988148340494873	0.5785124655965833	0.5882900226678814	0.5618518333778508	0.5543725845134051	0.535139317655511	0.5888542571520802	0.5579244994687432	0.5032631696771394	0.5991589124866132	0.5018530621393618	0.3555248707473767	0.5588263689129075	0.5849600386892039	0.5469222911532823	0.452424429852535	0.4243536697528111
ec1357	0.5079903285451183	0.4042442015475453	0.6666107855283965	0.473731104660007	0.1827050214206871	0.3874061434106074	0.3884050787445359	0.4183870194589433	0.5672240118569938	0.5722810155354175	0	0.2237451508268465	0.3133205902374396	0.1703878384868904	0.4701805531021231	0.2140375580619367	0.1983697061770341	0.3619438961193182	0.4353079836369615	0.3967105523919	0.6419885096033221	0.09375613358992473	0.3965213252116153	0.3565824625305503	0.07067635153180639	0.5501900970002248	0.246981829033124	0.404879340782866	0.07519532690105467	0.5305576115541168	0.1145417330914659	0.8507014956163816	0.8124857707855891	0.4778500016705309	0.723855688904977	0.1966801423267515	0.4373202737862876	0.2917182571818234	0.2655965746407156	0.4076215923322991	0.7388518255980707	0.2636532554627437	0.4271868101428674	0.1276102832185037	0.6456036947848551	0.7016732364473581	0.6937849858836916	0.1213424878119969	0.2934869664996519	0.2047223901836816	0.1026455931354509	0.444248234630394	0.3588875689718879	0.7540046888944879	0.433539021040065	0.1887762999942723	0.2090118312994435	0.2817845443633204	0.1141046702666608	0.1505226792211723	0.1407960507584531	0.727552499608954	0.4764233809241297	0.2663571037684682	0.6424569346210899	0.3401589838446528	0.3388286523188891	0.4875127095428277	0.5211681440270318	0.3994102631945884
ec1364	0.4525970836766393	0.4162108845768842	0.6238668809122467	0.5036464473476893	0.2745161319358509	0.3321409928101531	0.4545948741315525	0.3929073131908896	0.5529613472671716	0.547122196731905	0.2237451508268465	0	0.1786330532914413	0.1834718273892397	0.4127169183299507	0.09965284931286651	0.1375625054527315	0.4246402589840275	0.4188040187590018	0.405201733185804	0.6616492436038982	0.2396466179274446	0.4530984199072468	0.4321513170231209	0.1780897139940475	0.5491136819156436	0.2326881684710972	0.3351488270039263	0.2157606774691961	0.5307373150663952	0.2179871140951453	0.8370562310673698	0.8158857834301636	0.4618272462961238	0.7113277568644363	0.1940004497563137	0.4446666724511265	0.3194902975720971	0.2641908821302925	0.4769193138972785	0.7191178640112759	0.2602233745934025	0.4201982643182143	0.2706101524404338	0.6330314338729596	0.6623073911708893	0.6798043870784047	0.2112147829584913	0.3448658296863316	0.2028036360846041	0.1932751130165818	0.5035423861960194	0.4128238285038631	0.7389938061756191	0.4790359292858655	0.2648105069963183	0.2502760977482891	0.264258124295902	0.2157681937646681	0.2365228704514024	0.26171313160813	0.7056418840376741	0.4107152881868172	0.2572399876289811	0.6170760308791997	0.3271870979857093	0.4054696955901343	0.5145843879449193	0.5183428881880566	0.4467183054895518
ec1367	0.5093110787006864	0.4633568951395788	0.6204698726530361	0.4972030407269002	0.3491083576292414	0.4034357856060821	0.4512482497831612	0.4310653469251007	0.5517382484656399	0.5760088196266157	0.3133205902374396	0.1786330532914413	0	0.2794747590242041	0.4152951946854195	0.2339111445084915	0.2700873309103677	0.4765615197566676	0.4686554655487043	0.3949791786681191	0.6515636018277999	0.3277732604881339	0.5058173385549505	0.4804006481991644	0.2796292401012742	0.5422035110243456	0.3230295346249067	0.3592360555652346	0.3093811647427508	0.5597496170750981	0.3175276732002255	0.8262246859523092	0.8050434834701735	0.5123959509644864	0.6992820672871576	0.2909852389544622	0.5050462815080176	0.395009471455898	0.3433453142921335	0.5224455340455587	0.7095569465232144	0.3443469983731615	0.4671358946936329	0.3561973418203304	0.6174659466127421	0.6545479731062925	0.6694382464335553	0.3120905992970636	0.350697377374377	0.2901814232729485	0.2963136120784842	0.5493220277382986	0.4745781568751182	0.7266110905469826	0.5271436426494535	0.2759788334220178	0.2657351528630511	0.3616958726620703	0.3159070061031284	0.3326206832439354	0.3563745458876469	0.6924053787088629	0.4434994586462142	0.3407805055930713	0.6095994112857569	0.3274821618959335	0.4557778199033017	0.5532398394754557	0.5605514199127463	0.5009637308683871
ec1369	0.4386355674527222	0.3888712819916273	0.6324456452075959	0.5021867603486947	0.2393324090680171	0.339838292210171	0.4227708924344356	0.3730030746381142	0.5028021095806463	0.5187908390352863	0.1703878384868904	0.1834718273892397	0.2794747590242041	0	0.3810141867493239	0.1871895675711966	0.1011592725508717	0.4037319980744727	0.3550491225442556	0.3900305316849684	0.6561975231582021	0.1201350826841936	0.3860263154316725	0.3562787078268773	0.1561700385206665	0.5082228724503483	0.1236047236159654	0.3800920581672747	0.1688071786803984	0.5203467776554823	0.1902443684242571	0.836077575409249	0.8106041714765138	0.4350474492384838	0.7133119849346816	0.1733695527969103	0.3916043890560389	0.3352203803983271	0.2363104700622742	0.4013036372378758	0.7178086879192765	0.1721104039010018	0.4060075077546407	0.1445724653108826	0.6347770569097373	0.673234975024964	0.678084928566388	0.1951621341217265	0.3508137685750959	0.1836176910064717	0.179133046506061	0.4378305939924758	0.3521661286792376	0.7408846577358803	0.4225178779836438	0.2494079344246262	0.2550378773549403	0.2691831859823807	0.1164116045569162	0.2279474048819446	0.1465595287662757	0.7000739981299117	0.4423229970080875	0.2423689381525765	0.6091704340742005	0.2682802824438028	0.3446457063972367	0.5213261832222502	0.4763150308439635	0.3900310991940622
ec1372	0.6011370716837496	0.557943821147504	0.6544358649632448	0.5645379838576781	0.487102182823434	0.5254266612974109	0.5359831879999855	0.5252756645724185	0.5541414834508773	0.6172430898932295	0.4701805531021231	0.4127169183299507	0.4152951946854195	0.3810141867493239	0	0.4522042513333709	0.4197655386335314	0.5830987934926336	0.4083720347538998	0.530874228766915	0.6856239764404212	0.4420307721448545	0.5451367354108461	0.5091592861310317	0.4673115894450254	0.5856966587162877	0.4090909432263009	0.4985258567769202	0.4799076236987084	0.632105707240104	0.4905784809239777	0.8102722627903034	0.7818048128167085	0.6099545514694351	0.7194756269601811	0.469968778858228	0.5564331000686932	0.5249772617690737	0.4781561871268956	0.5772631293952974	0.7110485469970108	0.4402649578353645	0.5561821319940554	0.4662770310118791	0.6381458631486487	0.6660306701628311	0.6979909565485669	0.4847668555948633	0.4674098721266004	0.4513097401166147	0.4738218011059424	0.5891223566544308	0.5453885864066985	0.7175941384512139	0.5612632331572368	0.4526130038916441	0.4263591703235825	0.4732074973447537	0.440085791619429	0.4829458070625953	0.4558403230551544	0.6614626807094722	0.5524154346096044	0.4535995095541597	0.6253100790205407	0.4306176708967687	0.5351478586203758	0.6208014274864939	0.6016344135995069	0.5639624331917301
ec1382	0.437507834372071	0.409907802101642	0.6119596126216043	0.4930235406980243	0.2753891314636541	0.311917620180367	0.443309325095787	0.3631175840461655	0.5589733750518984	0.5376707696613016	0.2140375580619367	0.09965284931286651	0.2339111445084915	0.1871895675711966	0.4522042513333709	0	0.1364106817092476	0.4267723325971682	0.4264807190417749	0.3992506841361892	0.6597604478614327	0.2190756756504313	0.4582296696342211	0.4289413691249744	0.1843667164541908	0.5543738363622606	0.2283407436017887	0.3340940518552815	0.2031286678993255	0.533531507988061	0.2038805216468985	0.8406072942452593	0.8186570197110232	0.455220507322151	0.716970764082094	0.1986554740355821	0.4541072007945959	0.3268031560400933	0.2681588692111267	0.4711880972385387	0.7260966548817044	0.2616213451397662	0.4109465217007747	0.2593619152910821	0.6522464063322468	0.6669249497207044	0.67878123773582	0.2071143804898023	0.3361503617610966	0.203829875361615	0.1965288842964071	0.5012386897777403	0.41981364770688	0.7427671648339739	0.4851925731991178	0.2689779344416697	0.2396685378799052	0.2812678891352947	0.2219478517578882	0.2400075510569113	0.2553431334513164	0.7169884673373347	0.4209907729420099	0.2510040938136115	0.6285244095682073	0.3404683641315465	0.3899578144863449	0.5080656063368587	0.5218896637871739	0.4520555963884985
ec1384	0.4003208383408943	0.3976038239898265	0.6219289875179217	0.5112149070582938	0.2600845505299171	0.3181634551531236	0.4347147956007776	0.4038634868009605	0.5179138284019019	0.5312204607938991	0.1983697061770341	0.1375625054527315	0.2700873309103677	0.1011592725508717	0.4197655386335314	0.1364106817092476	0	0.4182864133353545	0.3839978932387019	0.396293900056571	0.6589472970407357	0.1501333135941308	0.4033399152660206	0.3753847347823664	0.194741397948202	0.5181234795010922	0.1807889541052238	0.3349182814207215	0.1978300069482407	0.5298466022614341	0.2124018575593476	0.8361181553461632	0.8124042564585355	0.4584759173772862	0.7159216228686359	0.19977851904403	0.4088865391728999	0.3532041655108168	0.2606886431090786	0.4195460260512147	0.7197253366343267	0.2046630674162044	0.4183450382987629	0.1720211704609731	0.6442436184676854	0.6663394254205293	0.6838905141579927	0.2216251951128415	0.3631213477767101	0.214017694363707	0.2051044865675226	0.4477490948099941	0.372629856322522	0.7434232699696457	0.441529184520742	0.2763892226080009	0.2769619090601101	0.2827612178929231	0.1446296486273053	0.2519550721182558	0.1665631392088253	0.7023559817382211	0.4259040391539827	0.257886180837636	0.6153289928353669	0.2889124947661323	0.3580804689599438	0.5260308894360303	0.488925356515193	0.4117183641665534
ec1386	0.6057930679835046	0.5318666349046671	0.5596026008367528	0.3182050200278757	0.3990815621624426	0.5267702180734679	0.4523358769077099	0.5441804476945281	0.4807987230022277	0.4428984696465813	0.3619438961193182	0.4246402589840275	0.4765615197566676	0.4037319980744727	0.5830987934926336	0.4267723325971682	0.4182864133353545	0	0.4952424629399436	0.2024868081777075	0.5207729312461715	0.3733453079859421	0.2823572918094659	0.5173003351430363	0.3408014191867036	0.569366344597286	0.4544155179189742	0.4659484364745518	0.352721476580567	0.3613682315342469	0.365068359079248	0.7946822367997228	0.8337028622286201	0.2542931204525901	0.701025339771795	0.4096314629378034	0.2942046228694632	0.4661294647337584	0.4568905338546451	0.2349550780712952	0.7211909322570629	0.4564369883279198	0.5461880789959803	0.387179942386962	0.645451223419477	0.6327630021183764	0.7334206026096616	0.3775277833163867	0.4706553782171122	0.4123882996477554	0.3605875839551417	0.3272553338743366	0.1796062012659722	0.7480850710701954	0.4700918901668906	0.41148641635523	0.4149792332934863	0.4604384563862817	0.3660353193725751	0.388734799851819	0.389687645567421	0.6531613800744206	0.5767893629746343	0.4592056717264507	0.5637855672834812	0.5034398212676443	0.501999849390917	0.5986421257403977	0.3777452791245082	0.229627914337931
ec1388	0.5744999329068258	0.5415433751262203	0.6607624195332139	0.5492096523280501	0.4630432815511628	0.5105898185089212	0.3139995891577823	0.527148236576596	0.5287176514179496	0.5592905738009427	0.4353079836369615	0.4188040187590018	0.4686554655487043	0.3550491225442556	0.4083720347538998	0.4264807190417749	0.3839978932387019	0.4952424629399436	0	0.4740652647738275	0.671310002069095	0.4056165249005618	0.4783722687016531	0.484943910678161	0.4200389988410069	0.5578695543852785	0.3974825200253722	0.2588456560920281	0.4464945464606304	0.5622865085743427	0.4513894427967567	0.8350447346670685	0.8192486366549772	0.516158272360101	0.7205134984592144	0.4200310190113535	0.2988753135660527	0.5077458548641628	0.4507165170468586	0.4933121037084782	0.7187837364488245	0.4103040458970559	0.5498455284807925	0.4274705023519701	0.6548329242994241	0.670043067488744	0.7243806025725745	0.4380914477072674	0.5172578630697521	0.4332653364533904	0.4333439315805098	0.514923207251761	0.4412500936180324	0.7449151928338619	0.3209385484712212	0.4556413120669232	0.4637593813786672	0.4755494267385539	0.3888730354918947	0.4540459602784702	0.4205707986177326	0.677868601258826	0.5411210107345504	0.4550092062806938	0.6330086789600714	0.458348576277433	0.5204687672921544	0.6003410383321464	0.3755620644020649	0.4659386095076262
ec1398	0.5905380009841457	0.5120737169971612	0.518052480480201	0.2809012961496922	0.4211740774090036	0.5038496507842457	0.4194287355033996	0.5208284014024233	0.4262485265999142	0.4250772184416738	0.3967105523919	0.405201733185804	0.3949791786681191	0.3900305316849684	0.530874228766915	0.3992506841361892	0.396293900056571	0.2024868081777075	0.4740652647738275	0	0.4879716274578415	0.4024823405382272	0.3188910051667449	0.5157286566430818	0.3765103182332321	0.5014687709268804	0.4187466787345032	0.3880238075049749	0.3661702040628818	0.3873964699544403	0.3657988058959087	0.7730417245263479	0.8214947186580681	0.2232515616630132	0.6672282409042977	0.3910993954107866	0.2774109823428919	0.4839909145322146	0.4323376364228321	0.2465128098255094	0.6868598242751131	0.4378999106651373	0.5319360183088271	0.399212990644172	0.6201978045748492	0.5934771427466858	0.6976030897788997	0.4021753471853898	0.4130137357197733	0.4040677371628391	0.3878411445170435	0.33915368369958	0.2144373116860515	0.7176002486463795	0.4951244483094616	0.3689834260064763	0.3694678493612188	0.4460938325502961	0.3962906160304798	0.4207427756593507	0.4003760310574883	0.6058520762274313	0.5539074697320691	0.443293962814186	0.5103562328483106	0.4283334865987594	0.499406256023907	0.5916612163222683	0.3463182150734387	0.260639348065066
ec1401	0.6420237971597911	0.6002062754336253	0.5307261159801844	0.5019580086284835	0.626329025621281	0.594500952448649	0.6118127666750476	0.6030577540983583	0.5005049870841639	0.4421276995168362	0.6419885096033221	0.6616492436038982	0.6515636018277999	0.6561975231582021	0.6856239764404212	0.6597604478614327	0.6589472970407357	0.5207729312461715	0.671310002069095	0.4879716274578415	0	0.6446128370323876	0.5164675876304167	0.5851127597111754	0.6376595455072551	0.5602245446368677	0.663531767115065	0.628417821432442	0.6357622342966416	0.4471453110098842	0.6360996286014423	0.7065429264367715	0.7692697377972165	0.559688884764828	0.6200194485484717	0.6596305871129099	0.5592733190185976	0.6736946177531461	0.6257426412168072	0.4902696585160729	0.6334721574343714	0.6525297737545439	0.5509517486372959	0.6417952830027226	0.5606347112234745	0.5877784296161972	0.6960317583560794	0.6499248864885304	0.6089155535275926	0.6588134669496293	0.6398840109129318	0.5291216354280793	0.5214451009575406	0.6460843788187753	0.6459848302037317	0.6052682531368671	0.6200214050612416	0.6360633406690627	0.639865419000187	0.6354404783462115	0.6427841879393303	0.5370745978075397	0.6899198986608662	0.6265380880487126	0.4854495338683864	0.6586164506374224	0.6654841011776914	0.598548957506692	0.5584107421189028	0.539574020723104
ec1403	0.4671404285459199	0.4065483804438532	0.6659373017949711	0.4816349165210894	0.2000521103500312	0.3867991992226457	0.3892932935756082	0.4218444128262804	0.5432508476455616	0.5500528551733425	0.09375613358992473	0.2396466179274446	0.3277732604881339	0.1201350826841936	0.4420307721448545	0.2190756756504313	0.1501333135941308	0.3733453079859421	0.4056165249005618	0.4024823405382272	0.6446128370323876	0	0.3631579545228916	0.3163562773826861	0.09551826709599313	0.5309972580456366	0.1974557503063086	0.4132781636075563	0.09189960786331469	0.5370366865355171	0.1276421946636667	0.8441216842217836	0.8084881187838867	0.4844464815026176	0.7265105037265331	0.209872055247215	0.4093631401840011	0.3034275456016886	0.2785018436863214	0.3700949819103446	0.7268513392850978	0.21823477340319	0.4305997959790855	0.06531541242285044	0.6314230976176667	0.7040268847880607	0.6968769137900049	0.1395063206881295	0.3035422723701683	0.2214735344062367	0.1184405781227733	0.4095662572485579	0.3212064412640299	0.7487312704437129	0.4012390650893373	0.2065244478801526	0.2233553884617594	0.2838883451838665	0.05833792155171207	0.1700820446742996	0.07785855091765514	0.7124929551849666	0.4833614569554971	0.280583513590174	0.6221243929622882	0.3007679232722275	0.3050038273830122	0.4920052922630658	0.4926198470435873	0.3647134916715929
ec1404	0.6055143528920002	0.5542065816647722	0.5786673763079153	0.3949062703318736	0.4291657115908667	0.5465483599397261	0.4797343007708351	0.5578310052922653	0.4458382038005173	0.4610781570338888	0.3965213252116153	0.4530984199072468	0.5058173385549505	0.3860263154316725	0.5451367354108461	0.4582296696342211	0.4033399152660206	0.2823572918094659	0.4783722687016531	0.3188910051667449	0.5164675876304167	0.3631579545228916	0	0.4986882760823881	0.3915068087993183	0.5563322098135811	0.4285287199397631	0.4920283501400227	0.3998195273097833	0.4052216296639931	0.4156594539904222	0.7819722332470453	0.8185102081120686	0.3868597090528921	0.6978336920152831	0.4562166734420304	0.326711035246423	0.4888176913225673	0.4539986222594667	0.2246194692507809	0.704393506104565	0.412629844287428	0.5605040589383616	0.3825339864994762	0.6218427862543098	0.611455772520014	0.7382398278809701	0.4179979006281346	0.4736211353974119	0.4537103196205481	0.4044637714015087	0.2608154404972082	0.2325460343012564	0.7300279324246455	0.4226129867851257	0.4455740946444343	0.4425211337115585	0.4471955737849261	0.3542356774661247	0.3985960470067942	0.3805352319479635	0.6103889452747445	0.5950717379898992	0.4483426926092562	0.5384541310905782	0.4777890224090471	0.4951518638032341	0.6177688095056908	0.4095412196640308	0.275314747899706
ec1412	0.4153021851423025	0.3589129054127401	0.5779712516846326	0.5768242878995971	0.3512366169560289	0.3412014577294181	0.5187014892430716	0.375920234160001	0.4510795109227376	0.4396035516475217	0.3565824625305503	0.4321513170231209	0.4804006481991644	0.3562787078268773	0.5091592861310317	0.4289413691249744	0.3753847347823664	0.5173003351430363	0.484943910678161	0.5157286566430818	0.5851127597111754	0.3163562773826861	0.4986882760823881	0	0.3585998826788839	0.4177272279620131	0.3827655748664989	0.531240891452348	0.3404924701654495	0.4843039955889712	0.3617673663040924	0.8008184252754068	0.7558842112469627	0.5904171322465095	0.669431068817897	0.4271013463426858	0.5272374286939295	0.4741567086167296	0.4623490955192248	0.4976565677502434	0.6783497844254809	0.4234482697117854	0.3799440879515485	0.3232080771311859	0.5845004589230519	0.6029111780993045	0.6524868637929693	0.3923255234769644	0.4548230515359945	0.4281464435259522	0.3779496385615449	0.5206794678130295	0.4811459371926924	0.7135765379791892	0.5247087491681515	0.4115031743871566	0.4179930496174908	0.4625356378021391	0.3301818743331348	0.4096825029795684	0.3234333781786492	0.641685390547818	0.5585930634680978	0.457275553782563	0.5632223225588322	0.4544320494877246	0.4273234863970705	0.3935033843950113	0.5740342306563153	0.5073593043533842
ec1416	0.5017556476375948	0.3965544476303007	0.6641520992476767	0.4624602450829037	0.1516193835483862	0.3776284584334833	0.3838263222432301	0.4040692803374293	0.5664817602259788	0.5618686531630208	0.07067635153180639	0.1780897139940475	0.2796292401012742	0.1561700385206665	0.4673115894450254	0.1843667164541908	0.194741397948202	0.3408014191867036	0.4200389988410069	0.3765103182332321	0.6376595455072551	0.09551826709599313	0.3915068087993183	0.3585998826788839	0	0.5542178204934903	0.2467839327999834	0.3818148257466411	0.05369476436644145	0.5169495900892276	0.06803481489231182	0.8537790235947675	0.8176989286329601	0.4590865406968896	0.7243907055220639	0.1496062290626144	0.441801944198919	0.2530196694877853	0.2323525455789656	0.4140749887213172	0.7425226041817389	0.2408224186888523	0.4193112237705521	0.1302409319256606	0.6411635958718308	0.7021708511539689	0.6923123422839079	0.06585127760626841	0.2688106576389068	0.1788284184484334	0.04851999339210905	0.4447996642483427	0.3399996281365986	0.7618320997629584	0.4296335008377541	0.1375592073681982	0.161605803955454	0.2676032207222844	0.07181285715233753	0.1001335367643234	0.137650462871837	0.7324654102952206	0.4605755802523799	0.2533139122774901	0.6453060041626156	0.3331759821543362	0.3447208946844708	0.4738054710865232	0.5229252033587627	0.3814426656489399
ec1417	0.4808395761403878	0.4304589819797187	0.4877106924186671	0.5468597442259315	0.535029125068471	0.4470208368939997	0.5399917579567359	0.4582108252282685	0.4532998114394446	0.3490435162784583	0.5501900970002248	0.5491136819156436	0.5422035110243456	0.5082228724503483	0.5856966587162877	0.5543738363622606	0.5181234795010922	0.569366344597286	0.5578695543852785	0.5014687709268804	0.5602245446368677	0.5309972580456366	0.5563322098135811	0.4177272279620131	0.5542178204934903	0	0.5107643920524536	0.5300528099212665	0.5578784304183192	0.4267880632339747	0.5673058578210706	0.7375003061336852	0.7376088604815324	0.6004329531693833	0.5655742755167787	0.5308450132265405	0.5478214889568433	0.6119833263668082	0.5156037111074298	0.5650911293954299	0.5667313471915892	0.5296754650185657	0.4382362741564319	0.5472514325109995	0.4323439358778949	0.463453357265246	0.5858535703451274	0.5742486200381776	0.5754253614109729	0.523069484002184	0.5628638948013539	0.4927159857142873	0.5451441095144368	0.5998795999640415	0.4933462516766307	0.5385402335181173	0.5437226889466512	0.5500783434897523	0.5379531719691056	0.5838740935570008	0.5478191085411569	0.5565126194250571	0.5932080580827466	0.4928333911369871	0.4372722461887917	0.5224128959083186	0.5629492830442481	0.5767927519599191	0.5621736403125837	0.5630359888253413
ec1419	0.4414393026140498	0.3959838288633895	0.6258122810996924	0.5227832939052299	0.3109025722719183	0.339790863011657	0.4632577902852497	0.3706020234045711	0.5348578348646261	0.5132583117956541	0.246981829033124	0.2326881684710972	0.3230295346249067	0.1236047236159654	0.4090909432263009	0.2283407436017887	0.1807889541052238	0.4544155179189742	0.3974825200253722	0.4187466787345032	0.663531767115065	0.1974557503063086	0.4285287199397631	0.3827655748664989	0.2467839327999834	0.5107643920524536	0	0.4205519383736894	0.2179838821810524	0.5537895046596628	0.2398632223892233	0.8197751590305268	0.8017515291910264	0.461864179070504	0.7040852791534187	0.2615092993979317	0.4332134491276729	0.3548120037505811	0.3109134264981979	0.4264300097101098	0.6953272887440995	0.2522241650902808	0.4027873073438215	0.1974887830652192	0.6349151189613084	0.6638790142771274	0.6732682692329173	0.2835920184058888	0.3635833587631315	0.2513577053230847	0.266149902381194	0.4573269796769223	0.4079553836995495	0.7226744236514139	0.4633020337928347	0.3236796873368211	0.3043290806249811	0.2817174184667802	0.2035139641275429	0.3017856091351545	0.198438158918139	0.6820105100427838	0.4547316578611657	0.292205346370455	0.5831806260734508	0.266688669948387	0.3541357624290391	0.527634888299377	0.4833611012006515	0.4418021109610054
ec1428	0.547992530843461	0.5168761569576547	0.6008777324848587	0.4523691350909973	0.4266619713430911	0.4519627993014093	0.1947091021136297	0.5064023633127938	0.5300559304575679	0.5725313350205141	0.404879340782866	0.3351488270039263	0.3592360555652346	0.3800920581672747	0.4985258567769202	0.3340940518552815	0.3349182814207215	0.4659484364745518	0.2588456560920281	0.3880238075049749	0.628417821432442	0.4132781636075563	0.4920283501400227	0.531240891452348	0.3818148257466411	0.5300528099212665	0.4205519383736894	0	0.4027161390969344	0.5468504066554415	0.4095479030730322	0.8242410395976162	0.8165399843291731	0.4940515188129957	0.6977811587447716	0.3872294639046834	0.3141215360594011	0.4831514148093279	0.4292378348870499	0.5096079053014646	0.6929971938911004	0.4314807308684033	0.5358569822495348	0.4403781049591877	0.6331596391076425	0.6404703032978194	0.6781046518658403	0.4073085112232609	0.415899852893215	0.3998793903599003	0.3935947487355031	0.5259864557731773	0.4636701709484988	0.71894153247598	0.3379538981039748	0.3729525167293015	0.3661913651704226	0.4505857689174121	0.4064862491701837	0.4234616578037292	0.431673739468814	0.6841609824072802	0.5197730182394548	0.4333305779715861	0.6199836727695988	0.4307299445214762	0.5290363479614804	0.6027890185855438	0.3931558942098647	0.4900836293590453
ec1430	0.5114272207219293	0.3972492020640405	0.6700418609695381	0.4752667796721846	0.1651072186941954	0.3798434247616036	0.3827330706324722	0.4195964981517759	0.5767508391081952	0.5780448664031034	0.07519532690105467	0.2157606774691961	0.3093811647427508	0.1688071786803984	0.4799076236987084	0.2031286678993255	0.1978300069482407	0.352721476580567	0.4464945464606304	0.3661702040628818	0.6357622342966416	0.09189960786331469	0.3998195273097833	0.3404924701654495	0.05369476436644145	0.5578784304183192	0.2179838821810524	0.4027161390969344	0	0.5355927360137401	0.04992810241925098	0.8508253557059279	0.821719159587066	0.4501993552473565	0.7287097142411151	0.1868095343461036	0.4484313246957979	0.2888011897199783	0.2640688841986499	0.3893441588170908	0.7370081965278873	0.269558701916323	0.4275417134407791	0.08515202948617158	0.6554792945816351	0.7083635625102965	0.7012177120120456	0.1098651198925534	0.2575778032322044	0.1956513166878057	0.08765446711427344	0.4271088508389484	0.3701768757084141	0.7670100377029583	0.4419008728690794	0.1811002401040205	0.1976528151935125	0.2789827385334085	0.1104654940238995	0.1406678529235188	0.1034502398625844	0.7259612063218569	0.4794415750490389	0.2712358467009669	0.637487937226372	0.3474878595652609	0.3170622818244682	0.470610752582509	0.51059302835217	0.4109110491406279
ec1433	0.5130487268468267	0.4461972765744111	0.4956129896247065	0.4529929501972846	0.5093405706495732	0.4597035030470535	0.5601416236713904	0.4773475401633585	0.4085358512124596	0.3529841475540279	0.5305576115541168	0.5307373150663952	0.5597496170750981	0.5203467776554823	0.632105707240104	0.533531507988061	0.5298466022614341	0.3613682315342469	0.5622865085743427	0.3873964699544403	0.4471453110098842	0.5370366865355171	0.4052216296639931	0.4843039955889712	0.5169495900892276	0.4267880632339747	0.5537895046596628	0.5468504066554415	0.5355927360137401	0	0.5355416984083394	0.7349701555398604	0.778055684660316	0.4660510457947459	0.6097925664904488	0.5297704256648582	0.4572816409698302	0.5868145028153413	0.5134278183119373	0.3929976903037204	0.6253194907241679	0.5552100331993798	0.4478068705916976	0.5516484001588134	0.5448922271881961	0.5114833295589997	0.6389075389806401	0.5407199184624175	0.590092313745198	0.5349262149073968	0.5293144373687091	0.4181107037284427	0.4251960425711773	0.6625910041193944	0.5787017715137034	0.5497751015710581	0.5506895154384733	0.5293960789289344	0.5256996903804929	0.5512867795983714	0.5525162610148471	0.5282192502270302	0.6002220322743025	0.5007727062113442	0.4593407490947853	0.5780079049437444	0.5938491785885263	0.5536051865267561	0.4739175726465527	0.450679333426661
