	jr1057	jr1059	jr1060	jr1061	jr1062	jr1063	jr1064	jr1065	jr1066	jr1067	jr1068	jr1069	jr1070	jr1071	jr1072	jr1073	jr1074	jr1075	jr1076	jr1077	jr1078	jr1079	jr1080	jr1081	jr1082	jr1083	jr1084	jr1085	jr1086	jr1087	jr1088	jr1089	jr1090	jr1091	jr1092	jr1093	jr1095	jr1096	jr1097	jr1102	jr1103	jr1104	jr1105	jr1106	jr1107	jr1108	jr1109	jr1110	jr1111	jr1112	jr1129	jr1130	jr1131	jr1132	jr1133	jr1134	jr1135	jr1136	jr1137	jr1138	jr1139	jr1140	jr1141	jr1142	jr1143	jr1144	jr1145	jr1260	jr1261	jr1262	jr1263	jr1264	jr1265	jr1266	jr1267	jr1268	jr1269	jr1270	jr1271	jr1272	jr1273	jr1274	jr1275	jr1276	jr1277	jr1280	jr1324	jr1325	jr1326	jr1327	jr1329	jr1331	jr1332	jr1334	jr1335	jr1342	jr1343	jr1344	jr299	jr302	jr303	jr357	jr370	jr371	jr373	jr375
jr1057	0.0	0.6064954627969772	0.6731108880924663	0.5350091405735404	0.7074919959758608	0.7020785639944308	0.6703048910686844	0.6828112357785697	0.603176404608613	0.6175973803651365	0.6628132411466011	0.6670960766393158	0.6348246703819247	0.6026678338361453	0.7259082149529241	0.6436104752561699	0.6822652393415202	0.5847656465667699	0.6901262442921937	0.580607854851614	0.6876956544423378	0.6483364629307317	0.7059193257182358	0.6518205868099777	0.6456454274152099	0.57756644887049	0.6860921615673723	0.48152945879514436	0.704249104130192	0.6911539760100496	0.611566968388678	0.6183508575572506	0.6613881650549812	0.5894704393024843	0.7828768407651346	0.7219936433184732	0.6672742944494467	0.6976745873100112	0.7613534816481139	0.6395812403836219	0.6211076765863772	0.5434845736708666	0.6040256776461429	0.6332596948171635	0.6760031563222135	0.6102627295588389	0.628395095972048	0.7293393481385894	0.688751073453338	0.6765769938954284	0.6346058657759632	0.5850902318058977	0.6348106231428051	0.6079869852655777	0.7463184303456732	0.598344180477154	0.6770206096346068	0.6751921097375496	0.5966731846140894	0.6827020053471011	0.6624463789462939	0.7645847438095411	0.7026774552715211	0.6822419685899463	0.6798625447078039	0.6964028034173547	0.6615118391052005	0.7006140408227579	0.7076902824560273	0.6313449956106589	0.6442508094387903	0.6911125910548124	0.6751832008564925	0.6276253193135848	0.676601042724132	0.6142289760581365	0.6351102487414041	0.7029193708145492	0.623334983977401	0.686503342704299	0.7361642277309163	0.6617584282271926	0.5761060753612313	0.699497175774368	0.5943821451666901	0.6683163603311337	0.642784707281429	0.6384924478554328	0.6922985647022591	0.5971125188752401	0.6218656490619822	0.6042459132887517	0.6127855807906699	0.6364338193477291	0.6639359381682021	0.6652741534578497	0.683855435245692	0.6989558274139894	0.5888902277636238	0.5560159116497926	0.7046664548654017	0.73789796571169	0.5794337987189314	0.6132787068079442	0.5841292339645605	0.6866321902692522
jr1059	0.6064954627969772	0.0	0.505597325048513	0.33268357438008417	0.5502725406172119	0.5514357840924763	0.46533188157499406	0.49728922863059244	0.41391534387303075	0.3397859777091556	0.39918571487628146	0.4905931437441704	0.5758867157433332	0.4603819863571918	0.670616262855184	0.5347255946422438	0.6250904057733917	0.3198200246413641	0.5769418345059278	0.37419139528600526	0.6629293274694321	0.4179471419670187	0.6223743457326937	0.5621282633100465	0.5204511891890902	0.3290054269129761	0.5657982092817606	0.42011333719978633	0.5891946491791632	0.42827467448781215	0.5966151182000143	0.3780718632006014	0.6653181303744241	0.5815700378771497	0.6757237330335858	0.6006589185767308	0.5666023192568083	0.4453704753232411	0.6928940575901071	0.6188827103158622	0.5731010358514834	0.5433152755179474	0.5126466753179517	0.5348877270051839	0.6097129788865336	0.6007854980956566	0.4614343228892906	0.6624014104776215	0.5107366044472897	0.4923615688255879	0.5672428215652304	0.5304060468182571	0.6203105791486082	0.4446896225198832	0.6965668528879674	0.6082505305841355	0.5495242105191279	0.6251281835803159	0.4361940019853642	0.5454531474391568	0.5000511048651418	0.7545415385101351	0.5593986455140313	0.5933696195736035	0.5028866173027331	0.4510588628847636	0.6085468468045045	0.5473181675424117	0.44031059790094274	0.6589228794351836	0.5244278175871326	0.517626457612984	0.6490449104782902	0.6752893389867889	0.5363347930697419	0.5420716880401656	0.5300980526890604	0.47912853602520117	0.4762782694846626	0.5139591186821723	0.528358504244606	0.6399414806419259	0.5922442952395585	0.5500194026665778	0.5774369418617319	0.4331933190828477	0.5781277756063441	0.5769904045748709	0.5172979763751954	0.58821463459015	0.5307191066033494	0.48915722280847473	0.5076641239710075	0.5104085757015963	0.5753898620437617	0.5833641862625148	0.4973506651577443	0.5608504120309632	0.5214985740574725	0.5367173806810759	0.5343608468611786	0.42319654691117414	0.5162479209785124	0.3759030500275611	0.44370056905100946	0.5124955183950028
jr1060	0.6731108880924663	0.505597325048513	0.0	0.42470417288649215	0.4976987376824515	0.4559758118441108	0.4295271752243797	0.11034569479185737	0.4646395283961747	0.501516994661546	0.6191791422906697	0.29792574935698396	0.6543432323968837	0.48534570392788484	0.5799566183163153	0.7009340807261167	0.6603420272035158	0.3389720932590931	0.3470130380814504	0.3909838201070686	0.7117847298120614	0.5368020821425407	0.4344535023189841	0.29485455538812655	0.31757261519775465	0.32467641336273284	0.3560183168346275	0.5200841898343455	0.4989625390851552	0.4721654003851993	0.6413118974171117	0.5323983583731323	0.7303080432410455	0.6604913584825759	0.45023006748479544	0.4337465848826292	0.3019995765378192	0.3602001215140284	0.7911958889194337	0.733903545021114	0.6310847409997948	0.6276343756293349	0.6603735178930158	0.5756693308869621	0.7103061828923878	0.6905899847877965	0.24248745870221014	0.539173876404152	0.20376231160356795	0.1324934420559759	0.6217717124099676	0.6287331281592647	0.7418653904512259	0.5190025915214085	0.5483922291565722	0.5062586760779636	0.23002956956510773	0.4134637921791485	0.5426655611135732	0.47557516219231316	0.18390933185338193	0.8625032693623471	0.18012084135992093	0.42418250957327125	0.15707598850778118	0.25612180661529155	0.5087598760075022	0.2070692024222259	0.27315459589317187	0.4836452798566819	0.3361300319861347	0.19819743167503634	0.4805944887217967	0.7477405848805271	0.393366585046547	0.3840350687808113	0.3510325655833326	0.3041167985998841	0.38853733574966276	0.1806434431269176	0.375582271122703	0.45142054045598035	0.6573447161137932	0.31240511192978204	0.6410521761542511	0.41025775837631534	0.4275777101016064	0.5589165596237772	0.2171652319354622	0.6604599562598841	0.5168830792122252	0.5714564677241467	0.6485689094271574	0.49929713312152224	0.4393723730473579	0.3345461816573605	0.10304862011022449	0.24511285099867672	0.5731511098347004	0.6059147137474432	0.39819264131839244	0.48416849122928046	0.5200390405671818	0.4241013890018333	0.4756281846941303	0.11777138135167449
jr1061	0.5350091405735404	0.33268357438008417	0.42470417288649215	0.0	0.5503599995527569	0.6257901926990346	0.5186118441288684	0.427297146844915	0.36000992575101093	0.42260291377720355	0.5577267096364033	0.44617598538683517	0.5235246337608969	0.41667397666584316	0.6394551709570766	0.5762518373509192	0.6527397344561008	0.15270655125916377	0.5389376811212766	0.21979972154596938	0.6488957291003816	0.4263583186833785	0.5670744754542335	0.5040338234457513	0.3530464449450132	0.1662573144583587	0.5243923177746698	0.24654800155048767	0.5586589401212566	0.4827702883501348	0.5495577316345637	0.42466058929825634	0.638375317773246	0.49955298805109793	0.6367807564594347	0.4933819925172402	0.49598444080580995	0.4551018890929929	0.7182433093086364	0.6170343160178539	0.48505907064182885	0.47652354672104813	0.5360210509140652	0.46852328880587635	0.6251400376997033	0.49785939075443403	0.3410293492329092	0.5888451840018659	0.43295590910761195	0.420521716796195	0.524703271281451	0.47174954881018843	0.6084221287549072	0.31741346732524905	0.604808433684622	0.5063476047251716	0.4684930005744055	0.5550276713926748	0.36357012292032853	0.4388518369724755	0.44474952105310306	0.8043129948259404	0.47140382525697827	0.5139347312000607	0.35907971877372585	0.4504988445458885	0.5135087007303986	0.45278693902989225	0.4286041281325987	0.5738403406098774	0.2919513769913497	0.39010848724445274	0.5510875155426426	0.5976832650729427	0.5153663273028494	0.32135838588841037	0.3726020084876312	0.4369105011643642	0.3236037485463081	0.3777955128576533	0.48728885694215673	0.5365090826975887	0.4924497283914905	0.4441770360453964	0.5005114772468545	0.38016805007335774	0.4677349162178141	0.41079462395394795	0.38108728083952836	0.553276028950566	0.38555083850779404	0.4510907019687087	0.4634122513946845	0.3941008971385087	0.4560504211902659	0.4931973623473214	0.44303662309854275	0.41957701341177084	0.43690809985533524	0.43128090131554453	0.5487318728264924	0.5779223595899443	0.35306855777153145	0.2919001155651916	0.3051823090415579	0.44021053258458215
jr1062	0.7074919959758608	0.5502725406172119	0.4976987376824515	0.5503599995527569	0.0	0.5401324956448157	0.24458507975658172	0.495929473942328	0.560314988166244	0.34105206259167364	0.48143784526889083	0.5892492758744107	0.6005350073033865	0.44701850716464353	0.5344741042481279	0.568123112801167	0.6652765967064825	0.5331897620647539	0.3167379681360415	0.5396818698007148	0.6514881262626864	0.5858429167504039	0.37716454486218326	0.5422473907942277	0.5634868418999252	0.5407107460613699	0.3077687698536484	0.6260705248888887	0.2569999675148921	0.5158927409011115	0.5519313841819745	0.5542560114195432	0.7365096676512324	0.7285853848912187	0.6747608122730459	0.6434550192006893	0.5458878114721486	0.38145027572735857	0.7917697499527054	0.7473542352665946	0.4980440869542562	0.5562228741120121	0.7244846773829562	0.6751304426756537	0.5912455492786236	0.7141916865949017	0.5365054103437409	0.5456045537564629	0.5094603922560734	0.48610927476578536	0.7088774882579575	0.7032366136451151	0.7380579347422692	0.6120502693260398	0.3691954576522855	0.6092601311823804	0.5300189453885825	0.3419512645491069	0.656990149820278	0.5896656726745968	0.5133225418428929	0.8498433370658082	0.5350767118028686	0.5687695478100039	0.443719484528465	0.42288953499093435	0.38185905394877223	0.5187582720053805	0.4051977635929851	0.349615351120174	0.5168825670802278	0.4645522820950977	0.3412030531789497	0.7201597314498427	0.46048679816750504	0.5073416779717564	0.5276674502941591	0.40295271133762584	0.5213883449228275	0.4545802682294844	0.45958451780549237	0.5691952921537041	0.7044150489148706	0.4954377079588674	0.6733189405416071	0.4393856099142207	0.48918462429151943	0.6527716790926111	0.46144861122141845	0.5953866959841494	0.600886873839708	0.5945930298819534	0.6328895835637111	0.5913441198874939	0.3135752691919309	0.5423590650001172	0.5125443979493006	0.4966932899330931	0.6908923513780166	0.6481877298480414	0.4996208914379378	0.5087542271820525	0.6056313696185647	0.6145970946653714	0.5286609090273703	0.5097095532372974
jr1063	0.7020785639944308	0.5514357840924763	0.4559758118441108	0.6257901926990346	0.5401324956448157	0.0	0.5121653371721095	0.4757432037933306	0.6343541926719348	0.5580793289505817	0.6562918112599726	0.5037927889418397	0.7390421147605178	0.631000076631364	0.7038040554155479	0.6641951323482748	0.5724747603965569	0.578239455931853	0.5691875878154118	0.5982549809286707	0.6804329580244579	0.5920936801861065	0.6341984618473465	0.4262118070554616	0.5831257600344382	0.5772544588662145	0.5756624319376784	0.642586769685941	0.5234171156611882	0.5364099823850969	0.6916598587054713	0.5085272312840154	0.7499161135162707	0.6749531120030058	0.5127782857362113	0.5649722585382941	0.4354247844596585	0.4462921546058953	0.6872096149323037	0.710294090025464	0.6574883562091608	0.6546247733512068	0.6723717520257754	0.6759042953675711	0.6952091304135003	0.6965227931670237	0.5209220396599196	0.6476080837701115	0.4569475117445328	0.4793112181266552	0.6049158659160492	0.6537157910121717	0.7066276270799686	0.6300171907322287	0.6222474945709102	0.5185292087074294	0.507618039364224	0.5081765026299959	0.6436550127142712	0.6043298166453621	0.49561515253705746	0.8264895186777138	0.4337541221950358	0.47396479748253617	0.4891510476943085	0.4279248198751275	0.6564451922653103	0.5373354706980045	0.43863997376355546	0.6452441980182552	0.5343260517238911	0.5025945013577476	0.6456233943264498	0.7384764506746159	0.4107929986040685	0.5354331172358097	0.5023027586524871	0.461486153915659	0.5723835669149223	0.5023681649377838	0.4094370682276162	0.6018504025705299	0.6809259307966217	0.5577891593639595	0.6588736174202335	0.4394830810294627	0.5254434899962768	0.5698691212938725	0.5181970634158996	0.6866203347445611	0.6661037778982928	0.5970236577171749	0.606663043106935	0.6321722662531091	0.6108454203112434	0.5659020791771149	0.48136946267568087	0.4781248055570927	0.5878861012545585	0.6370356215728278	0.4218202274287669	0.48582656086746717	0.6103132332067099	0.5644104362352395	0.6215540645683663	0.46668094267098154
jr1064	0.6703048910686844	0.46533188157499406	0.4295271752243797	0.5186118441288684	0.24458507975658172	0.5121653371721095	0.0	0.4716945240157747	0.5260265029019469	0.24886248656189802	0.42847241319645285	0.5266893942354589	0.5244320730290655	0.3833775800234842	0.4310622262999027	0.49228667210333604	0.6036679023059522	0.5414199605077454	0.2511641202046303	0.5469592207601953	0.6346740719765117	0.5734900220977917	0.3037991355173955	0.5237176646469696	0.47646661501961646	0.5296700156452999	0.24110156368875693	0.5773373951759336	0.3192928426241262	0.5009247353573594	0.5528245636315524	0.5557233323010263	0.7063696838539056	0.690447960132459	0.6533043377812651	0.5584107272070937	0.5286011932447701	0.39587732038350176	0.79217143009082	0.7061446469730327	0.5156206785267765	0.48242747213238923	0.6919272795681259	0.6673237887677044	0.5753646144284928	0.7034195986595699	0.42938856047440743	0.5720378125908402	0.4851316724117937	0.4653855150591727	0.7118963491275864	0.6569739278428841	0.7147544778234157	0.6185940279738502	0.4157548312508054	0.5494094910422638	0.5100427083511535	0.3042729958345782	0.6008294434895585	0.6138820818824462	0.46293697926634825	0.837611767296985	0.524343513306017	0.579933561528496	0.4642120125221101	0.4079536990060257	0.3353805287479927	0.5048662278054885	0.416281695806897	0.3936091156721458	0.48458066758155	0.4754712471717808	0.38647419083714096	0.7182254767146026	0.49125735773502244	0.48961209023674523	0.488886251624923	0.44502093239150675	0.5685121320821112	0.47511995187357736	0.48691394359683227	0.5834408588657073	0.6838741550623144	0.5071256730895009	0.657479519810405	0.3853085044050109	0.5416232479319785	0.6268555240093522	0.4965565858338368	0.5408930559876987	0.5854141084877281	0.6157534295081896	0.6258916541592061	0.6257760900284274	0.2696295603637521	0.5543819681500114	0.4317449144659906	0.5226324527375488	0.6350807458620523	0.6416362754750086	0.5034059665109157	0.4875891469347942	0.5785433857032006	0.5993584258245017	0.5857310945074549	0.42581757605895554
jr1065	0.6828112357785697	0.49728922863059244	0.11034569479185737	0.427297146844915	0.495929473942328	0.4757432037933306	0.4716945240157747	0.0	0.45389105663822515	0.5271520989457219	0.6404013324376117	0.3315652664163591	0.6839314461692564	0.5119081342734261	0.6119543062746857	0.7077912308841336	0.6798165933851816	0.34029731088541576	0.32742988160324216	0.3713441740926174	0.7183494559641507	0.5470130283556751	0.4455512685844603	0.334173989277598	0.308623879091559	0.3251949793800331	0.3330732358379195	0.5191084299536096	0.5044030573583036	0.4667037475850825	0.6500112272138299	0.5318499992916487	0.7462684273973856	0.6753353828722882	0.44073031483847747	0.3871473487526272	0.2960690483199681	0.3692518758482292	0.794535795162247	0.7400352340772822	0.6271310479411577	0.6313594038579337	0.656914359559838	0.5838663832445342	0.7071779787169448	0.6917460361587895	0.2167903805378681	0.5257117323318766	0.1510210771699802	0.05747346372529898	0.615831714337402	0.6344480094851711	0.7409946904409588	0.49472852238514686	0.5220813882025095	0.5066268781134002	0.16232224433306885	0.4186590011212885	0.5328480010213836	0.4569381168861665	0.15052073572146105	0.8649211396485422	0.1448546746767231	0.4202271279788048	0.1698765126557217	0.2543368973595722	0.49676864784574	0.18580579236433664	0.24869565993410664	0.5108393022037544	0.3370631324559189	0.1955635530359786	0.4759151852720594	0.7542152051869385	0.42785564149327915	0.3768566839853812	0.3543092497929428	0.2854584059400471	0.38031974497618143	0.18092794089425177	0.3479052806242065	0.47613384547211823	0.6743614051693844	0.29407779509014753	0.636863744760717	0.4332411902089804	0.4406701308845251	0.5701456062156437	0.15132387917338996	0.6825530680608832	0.515784382215836	0.5805773555617381	0.6640002918850768	0.5003897127851987	0.4437664029517797	0.32440063863333424	0.1375904384399232	0.2333033718103127	0.5815186171907134	0.6280070405677011	0.3917946797196822	0.4706156249226364	0.5085037720513127	0.38753685439018676	0.4901885466750239	0.15479691416232172
jr1066	0.603176404608613	0.41391534387303075	0.4646395283961747	0.36000992575101093	0.560314988166244	0.6343541926719348	0.5260265029019469	0.45389105663822515	0.0	0.3392315911316621	0.48965526424350636	0.45255597217437804	0.45392126230109114	0.3180420188792527	0.6331827969507566	0.4990326006828658	0.7191485889965069	0.2707355255061724	0.4392756681797552	0.3300121968998142	0.5939756173853742	0.46891567604070916	0.3431886409765672	0.5414961550087043	0.5554495377858231	0.277951202029197	0.4364179007056053	0.44720382405118786	0.5620399257614522	0.5304358570341492	0.5113538604343527	0.462484503414926	0.5696099817529072	0.60702764500015	0.6521481919695346	0.6335629249632379	0.5442920833383241	0.5531132807386403	0.7251594540307298	0.6825588233821119	0.4819423920650104	0.5011461152018086	0.5909198196559168	0.5116210066940132	0.4900998231001926	0.6258084784380029	0.5010469974567006	0.43542246945199853	0.4769200015630866	0.4594361338838392	0.5482874141707574	0.5560576109552838	0.6832829850660104	0.428303461515899	0.5907665322353028	0.6285477751935901	0.5125696667994829	0.5207279653445318	0.4641409595583928	0.5254250999269905	0.4632052459160359	0.823884739511941	0.5218072671078915	0.5950776737157062	0.4666805868760117	0.5090889612639531	0.5557334553397474	0.5133387727188585	0.5065742934329335	0.5730272560462315	0.5565155005812095	0.4830617221803386	0.5507842151499885	0.6325541439920692	0.5917954603689822	0.5734541862925255	0.569403498977465	0.5435977693842249	0.4436813190667482	0.4788253578344018	0.5888694911816529	0.605061309764816	0.6142724523639004	0.4976366525086979	0.5915697528175806	0.5864213246723448	0.6065763628366433	0.6124661174794288	0.4896264364147777	0.5542645906444468	0.5634736325931025	0.5385985623387005	0.59496217812929	0.4900366656078741	0.525482367585339	0.5637839029170082	0.45977840785498464	0.5221062134402895	0.5467901795223236	0.563110047921325	0.5921947203127859	0.621349532649373	0.5532545755040956	0.3358273381436445	0.4388004650813134	0.47828079496577014
jr1067	0.6175973803651365	0.3397859777091556	0.501516994661546	0.42260291377720355	0.34105206259167364	0.5580793289505817	0.24886248656189802	0.5271520989457219	0.3392315911316621	0.0	0.2713689601782137	0.48052820870353	0.44158634911164435	0.16621468329400102	0.5337708734899661	0.4078765070802928	0.6496140663093538	0.34931611162504683	0.31921490996165275	0.40161701808729616	0.5177032296521054	0.44376042585219405	0.38080411100307776	0.5743105515185793	0.5942940801733133	0.3602337674202955	0.30680388923618945	0.4899418083493933	0.38136727216319644	0.4459974568481012	0.4101538198046722	0.39588912906543533	0.6492395891574052	0.6183213715946788	0.6890082223783577	0.6744407922649591	0.5788078482842538	0.4692185006326859	0.6914809328194236	0.6523575710684991	0.37780543117637144	0.4012511967980045	0.6130101442955331	0.5419561120762381	0.45942868767085737	0.6362909692818841	0.5460235475972578	0.6118949334693996	0.5265130760145278	0.5151998381761904	0.5725615026709057	0.5751934556721927	0.6522480676815956	0.4753418182774378	0.4819160681035661	0.6446892977933427	0.5688632862050867	0.38869878313583206	0.505410114309717	0.5612307387378892	0.5163367088649762	0.804176939875737	0.5789804571463476	0.6155135257876939	0.5188964674998255	0.4688720830403034	0.44995298171719483	0.5620693610742478	0.4714481952755463	0.44834069401738597	0.5980029918338053	0.5328667041985318	0.4452634188309432	0.6621184168681082	0.5383147568700761	0.606451237306322	0.5933838087630738	0.5007533253730205	0.4917712895445315	0.5294539382390165	0.543163951755974	0.6195494345056671	0.6281249713953104	0.5425336033362326	0.6120156262656855	0.512411779100446	0.6317657260043585	0.6305333176190492	0.5381946018446807	0.4606495069141942	0.594748682926656	0.5018308779601207	0.556996428084414	0.5272873717506432	0.4146664151478932	0.5991099870246658	0.48052032658326027	0.5753391737738489	0.5744940860372714	0.5797267387182689	0.5517018055052004	0.5514975356117093	0.5864823088365283	0.40277667932833616	0.48518290170830314	0.4954420884519209
jr1068	0.6628132411466011	0.39918571487628146	0.6191791422906697	0.5577267096364033	0.48143784526889083	0.6562918112599726	0.42847241319645285	0.6404013324376117	0.48965526424350636	0.2713689601782137	0.0	0.6023633370196066	0.5390687449722508	0.37126813754194293	0.6172550791854985	0.392281393897353	0.7101864985343319	0.5131020879729631	0.4897010241569302	0.5457735264344208	0.5297455498169028	0.5480439319043511	0.5255454259481831	0.6458915663337256	0.6970957257593104	0.5190465733674267	0.4906369960961042	0.5776699284849535	0.523977225536963	0.4864660055438518	0.40880901825008376	0.48254731829978914	0.6174454342391092	0.5943222478203408	0.7618371491897763	0.7513928572412532	0.6679480255874626	0.5943272511274112	0.6882689183437245	0.6836483420024941	0.4945188834068001	0.4243630613804024	0.6038887702079425	0.5655837290363407	0.5198505722835693	0.6003796119389857	0.6597088271502143	0.6868853952848955	0.65117754741076	0.644021735256885	0.6284279570879852	0.5519296761071951	0.6273146838030793	0.5554427607167236	0.6030343195981447	0.6919392195791453	0.6473934601081279	0.5400339144542845	0.5161030336315967	0.6253782047908696	0.6142905494740245	0.7259894518665465	0.6838592523553095	0.6626145234272982	0.6450000693923179	0.603590475328546	0.5736879652788907	0.6774355951927269	0.6032282090507517	0.5625191700388421	0.689240514349358	0.6514223650342523	0.5657505941815136	0.6485319888773412	0.6428005370344758	0.6979251777393031	0.6873405882184604	0.6254911352783977	0.6129654481128316	0.6494989863616162	0.6591026335679773	0.7001916586800212	0.5855646670353418	0.6558505667814799	0.6805538334536058	0.6222450238783716	0.7065921677172352	0.6341430909804971	0.6600281079637166	0.45582695432396403	0.5746520988116711	0.49423131039147056	0.549120881432145	0.5482186609858476	0.5537240803363223	0.6931762596924993	0.6200677701307512	0.6720821408950599	0.5552471083655577	0.5651532123174562	0.655174486218078	0.5363322950759485	0.6705476239811782	0.5552039042063797	0.6021440964490794	0.6290074998793859
jr1069	0.6670960766393158	0.4905931437441704	0.29792574935698396	0.44617598538683517	0.5892492758744107	0.5037927889418397	0.5266893942354589	0.3315652664163591	0.45255597217437804	0.48052820870353	0.6023633370196066	0.0	0.6405127195665746	0.46493718290141783	0.6354434258901672	0.6528260178429219	0.6509022867723558	0.36162549376045056	0.46038737108096306	0.3855842403744838	0.6646763564046619	0.53591463066419	0.5186469432244855	0.45106435974988685	0.4693091615255449	0.37254666603668507	0.45800222816133557	0.5210361990641311	0.5293069227569472	0.4750503528741382	0.633571159075878	0.4950148464967933	0.6981785867567699	0.6250085099964986	0.5122540077123312	0.5530882164147598	0.45142547653201603	0.4778915074903027	0.7450921394932324	0.6899593798142112	0.6056367024852775	0.6027253025735763	0.611074590665579	0.5703666029427462	0.6666891333242941	0.640732814798728	0.39363539484621757	0.5784523296194	0.29958137023018033	0.32893910798242154	0.6024376949957783	0.5755311639075836	0.7011024867805363	0.45542554417638037	0.6191111190484975	0.5426081235856507	0.4002697484984401	0.5299597751008679	0.49234654592883226	0.41958627872948673	0.3488233207131542	0.8333809017732811	0.40615884021755255	0.4666500043074071	0.3560130437346933	0.4168476062528464	0.582350995109954	0.40678610930491454	0.41134133554209873	0.5677952683151519	0.40696254124301745	0.37646908423296294	0.5774844171862311	0.7051268223962428	0.5050182335083351	0.500647360371504	0.4765061381008791	0.450210780820991	0.40393901586147063	0.3702405567447869	0.5094966485929607	0.5520919012775025	0.6318992501137041	0.43535091826143685	0.5760032021271599	0.46251225154333275	0.5383987585081923	0.5590917483504022	0.3704626768289384	0.6542852598389746	0.5165546175225197	0.5760743800217877	0.6403569503137918	0.502435292114979	0.5533259845782191	0.47889109691709875	0.29073517285896294	0.34004263122454237	0.5117228168328287	0.600868287218511	0.44737191331620646	0.5130838767192026	0.4515844395587094	0.3291282025589026	0.4814071786124282	0.3138770457621804
jr1070	0.6348246703819247	0.5758867157433332	0.6543432323968837	0.5235246337608969	0.6005350073033865	0.7390421147605178	0.5244320730290655	0.6839314461692564	0.45392126230109114	0.44158634911164435	0.5390687449722508	0.6405127195665746	0.0	0.40935848368608246	0.6042834334517577	0.452266032352854	0.7112936256754118	0.5510812637014615	0.5359951025775598	0.5814524094871576	0.5559631430551617	0.5998456200044912	0.48274761629123986	0.6497606462220793	0.6515975299198842	0.5582376221986665	0.5373581099263541	0.5204320396982878	0.5611760024399511	0.6860473511213216	0.461399415937261	0.6131050865231452	0.54192983202269	0.6205465979619967	0.774680855208388	0.726013423828607	0.6951779304258539	0.6857043009365447	0.7582931389404901	0.7046680902575256	0.5014952084046157	0.4442497758551639	0.6456193755979267	0.6506850788378414	0.4603443078580327	0.6510079972554748	0.6272706049214556	0.6444145018763735	0.6816077682305771	0.677311505013993	0.6423348727378771	0.5888594867328658	0.698630514645721	0.6153970044706072	0.6212903725184451	0.6468229948268341	0.7080115147000955	0.5711902020083526	0.5932105762739249	0.6730400968492349	0.669536027718477	0.8100797651349301	0.7081039236553773	0.713055868227912	0.6649012102945772	0.680137600176404	0.5704240584091976	0.6968621324571624	0.6939559063077373	0.586178439721792	0.6498644560149228	0.6778516554078894	0.6000614285336792	0.5994279735067061	0.6920220215695595	0.6373843610549507	0.6475058938209707	0.7004381034179668	0.5504046989302996	0.6710566184069878	0.7352575042077769	0.7075812793764875	0.6422029679706401	0.6830664801005363	0.6306636612041084	0.6634296888211987	0.6859248670705622	0.6589285651952306	0.6887040072128359	0.5009199893191977	0.6319407107886259	0.6696763819187515	0.6254717963369449	0.6081825251976607	0.5406165767846017	0.7092335759519188	0.653486431665576	0.6891340529347117	0.6181264917425218	0.5848189350813672	0.6814081521848511	0.7352665088752484	0.6379666273816589	0.5965811812746872	0.5979248433836181	0.6636380332631187
jr1071	0.6026678338361453	0.4603819863571918	0.48534570392788484	0.41667397666584316	0.44701850716464353	0.631000076631364	0.3833775800234842	0.5119081342734261	0.3180420188792527	0.16621468329400102	0.37126813754194293	0.46493718290141783	0.40935848368608246	0.0	0.5239465139354688	0.4931613012411573	0.7058749524614797	0.3412048212654299	0.29444161267760366	0.39388425235155056	0.48554738320230745	0.48015522503586955	0.37268745283070237	0.5400821582454037	0.5851053322415307	0.3504687252511401	0.2947512831977115	0.4539603797885166	0.4211456077993636	0.5587585003659808	0.3661640166044608	0.4684662869337497	0.6275308666225028	0.5946414460105314	0.681830334786037	0.6665566800251578	0.5772595956430502	0.5870345544158464	0.712409361267916	0.6917463477855371	0.33918920128219293	0.3647806265157299	0.5842024442284276	0.5397760707103473	0.5101141401840904	0.6166262724623851	0.5432096187502753	0.612261081119672	0.5228663129832459	0.5109470589514872	0.5386392049920161	0.5499228036249209	0.668149872082549	0.47081061458118906	0.39758739453254666	0.6193647718139953	0.5560691718438788	0.38045461500175864	0.5019879163622354	0.5593097736017899	0.5123003688224905	0.8069342749162709	0.5661739623192925	0.6151650330697676	0.5149942265059889	0.5493989396540804	0.444586519239098	0.5506276752796574	0.5443606467419404	0.4280161213901004	0.5897303685100483	0.5207449985226381	0.4312283587272254	0.646267110703955	0.5855796320676249	0.576837504316447	0.592331382703254	0.5714087918082671	0.45143138128739085	0.5170968901517545	0.614206669632624	0.6193288952567579	0.6072926988393403	0.5397344009779856	0.5890648752444357	0.6135578713855554	0.619528268181534	0.6243322828199189	0.5259844471484759	0.43062098435843593	0.5938709377738686	0.5630963154789502	0.5869702354153562	0.493503292627539	0.40752069026762544	0.5982096476039738	0.4653441390666715	0.5555053249121114	0.5656770607403935	0.5526833596811005	0.5915418526200544	0.6509411344679815	0.5853445504658162	0.3848855739409189	0.46610703118708635	0.4904909348422138
jr1072	0.7259082149529241	0.670616262855184	0.5799566183163153	0.6394551709570766	0.5344741042481279	0.7038040554155479	0.4310622262999027	0.6119543062746857	0.6331827969507566	0.5337708734899661	0.6172550791854985	0.6354434258901672	0.6042834334517577	0.5239465139354688	0.0	0.6494160072267252	0.7110863862176949	0.6588962227638016	0.4462124495196615	0.6605473902974996	0.6239632411552365	0.710404298912154	0.4838143535496707	0.6453717936459489	0.625769484925898	0.6484152434079468	0.45214245822118226	0.6756137056345141	0.5432340725382182	0.7123775954371936	0.6387669065257627	0.7234040726249795	0.7327270898253779	0.7472258979497745	0.7367306693600317	0.6727161221213265	0.6482679161884564	0.651469685440424	0.8407191682885775	0.763354370031181	0.6143137253097848	0.5681960317887784	0.7365031665553737	0.7359907017241555	0.6888777823687908	0.7498094046393126	0.5823043836274491	0.5808355200230889	0.6287350871799293	0.6118348891186521	0.7668627689875772	0.7214915894511982	0.7837787540298894	0.7028641056376876	0.5555935562170127	0.6474596359050764	0.6314846562193784	0.4802600843348541	0.6770153548057031	0.6985699580613572	0.6149709206379956	0.8530850729456685	0.6466946384607257	0.679108826477349	0.6121973245117955	0.6357000858235373	0.4974860325132265	0.6466731358184372	0.6412822340314697	0.5324311631303736	0.6231448457793293	0.6194547998274144	0.5381291023350036	0.740296657989134	0.6671641647420299	0.6231230546018202	0.6108304086235758	0.654407999356951	0.6723742936951063	0.6197846785302692	0.6897989829325671	0.6778792671972994	0.7379340094547077	0.6341713397241178	0.7175194893983162	0.6430419734635998	0.6490968971537737	0.6969564390446014	0.6329446251508657	0.6068593238358762	0.6601871939552449	0.7385007077295271	0.730409542761198	0.7082862849785472	0.4581157317009131	0.6628419022506665	0.5928367890376116	0.6381608817132869	0.6969383859921581	0.7118104602007116	0.6806334100412823	0.6147800031505919	0.6721948972431347	0.6962370118166574	0.677185036999891	0.5883640852023517
jr1073	0.6436104752561699	0.5347255946422438	0.7009340807261167	0.5762518373509192	0.568123112801167	0.6641951323482748	0.49228667210333604	0.7077912308841336	0.4990326006828658	0.4078765070802928	0.392281393897353	0.6528260178429219	0.452266032352854	0.4931613012411573	0.6494160072267252	0.0	0.6639016461064936	0.5988941675802679	0.5727608543133044	0.6118832108327136	0.5095148948085941	0.6096793692747065	0.5343340353559861	0.6789000598427563	0.6893713361323165	0.6040091458809436	0.571855851086607	0.5896797078778562	0.5662539079718254	0.5562127191162083	0.45709690242949097	0.4882499447068578	0.4609362702335111	0.4706106732905363	0.7695964511938493	0.7448574311311948	0.6950901041988673	0.6508320956938469	0.6428874884202874	0.6400689818199006	0.5408209121842763	0.423772977065258	0.6091314756443573	0.5899945792761954	0.3647309894906091	0.5055774057472046	0.6561573773893719	0.6487947289391435	0.6795697143490955	0.6996662728557261	0.5876882089242	0.48814248937044635	0.4961756632205467	0.5229561077247807	0.6672963821172464	0.6453548092312721	0.6966070984372751	0.5845384029399483	0.49122682185022254	0.6431839383010455	0.6729636780346256	0.7282325882237083	0.739441547844373	0.6742027745995802	0.6996123683244952	0.6674136904402322	0.605054930357168	0.7292029634789999	0.6659839687916675	0.6395428682464099	0.664046040237946	0.7065535576114002	0.6366834230661852	0.5823030528102736	0.6733685955203179	0.6915702425895318	0.6638731074586143	0.6813325167960391	0.6705138110109078	0.7061333731447896	0.7120168574052186	0.7252969102496845	0.547229756655841	0.7044334585292115	0.622813321976445	0.5992804487051707	0.7010265768773948	0.5818288577703845	0.7091263115188061	0.4169589534388057	0.546372697630168	0.522241596371862	0.5021705377735503	0.5591949098432063	0.5847153283388773	0.7350228860483579	0.6927985654743133	0.6996612702770707	0.5112196248243159	0.5438814953864768	0.6799093056662274	0.6774215445935392	0.6474039589174311	0.6019740173032571	0.6394605810843158	0.7010850563027314
jr1074	0.6822652393415202	0.6250904057733917	0.6603420272035158	0.6527397344561008	0.6652765967064825	0.5724747603965569	0.6036679023059522	0.6798165933851816	0.7191485889965069	0.6496140663093538	0.7101864985343319	0.6509022867723558	0.7112936256754118	0.7058749524614797	0.7110863862176949	0.6639016461064936	0.0	0.6919143368986871	0.7062670608641974	0.6943082711522122	0.7445762066183077	0.6016521611254714	0.7131560079780325	0.6133977687098903	0.6408599654537378	0.6965903452004955	0.6954661001785406	0.666854744651515	0.6535507436367487	0.6625137957960852	0.7520111885632295	0.6476583093344618	0.7237646388069275	0.6807075066640788	0.7574795899156369	0.7214599741275287	0.6457190444409228	0.6221948458432842	0.7281778446305456	0.5100484875862965	0.6862114953754772	0.6468611641354208	0.648390328777375	0.7206827823367361	0.7211622176788828	0.6080006126090446	0.6124584907278787	0.7360713433812691	0.6448371137700822	0.6707851400144543	0.723710534188367	0.6519632704424614	0.641227059606602	0.6989195688060135	0.7727864294726698	0.5881853747694448	0.7032947591581687	0.6800970418356073	0.6825907969189808	0.7019526344107281	0.6626928485963776	0.7740396128896793	0.7144133803166922	0.6370094052545411	0.6675402064572907	0.6327527490095218	0.7154840264853671	0.6991097781216438	0.6352464853547691	0.6858551571838727	0.616226323353394	0.6753678032127322	0.7284939440538541	0.704017292022713	0.5834308069843204	0.6152092584699774	0.6000987154939635	0.6524293435510857	0.6918938414767567	0.674777245919809	0.6833898166817706	0.7001685848472278	0.6937459969864844	0.6876777983014566	0.6726101365405005	0.5436852934493812	0.6312299604632187	0.6538551702269	0.6828631147080227	0.6828231054984142	0.6778390811957731	0.7103873169261783	0.6520804268226904	0.7223365397452028	0.7039306164293443	0.6952348663353233	0.6466350697592933	0.6734938388659485	0.6363825486145149	0.6610243607991091	0.6373342084980801	0.6477373862122376	0.6703188315917288	0.6987289850776021	0.699146850262101	0.6569633926918275
jr1075	0.5847656465667699	0.3198200246413641	0.3389720932590931	0.15270655125916377	0.5331897620647539	0.578239455931853	0.5414199605077454	0.34029731088541576	0.2707355255061724	0.34931611162504683	0.5131020879729631	0.36162549376045056	0.5510812637014615	0.3412048212654299	0.6588962227638016	0.5988941675802679	0.6919143368986871	0.0	0.4723432586430328	0.13779770248252607	0.6195294032587129	0.3827490818975445	0.5373125964280081	0.4432786713593122	0.44098283215029976	0.08793266415912261	0.457577925719701	0.33565614378480224	0.5352861843182555	0.4252152635439439	0.5142411674971114	0.368298499997115	0.646396604848101	0.5494454538571143	0.5766054728822987	0.5651378781863128	0.43793464809628396	0.4127327336466192	0.699888445734415	0.6509673506636561	0.46408533401031854	0.5203113071413197	0.5477451342044969	0.41848118132245515	0.6002265513651994	0.559855948800699	0.40143824517730103	0.5644092401898917	0.3623086463199542	0.33196292722880444	0.4789335954257846	0.5006726766065751	0.6485337495897618	0.28296392475760024	0.5890302253112606	0.5820611575810278	0.4172108489685144	0.5246058436373671	0.37025545000402843	0.39042997692430026	0.35028682425742075	0.8141094234745323	0.39848958326824785	0.47542848166949164	0.27089542432985675	0.3669536286727658	0.5349341463266425	0.3748606842713484	0.3557882314867489	0.5464485441126948	0.40409124140080166	0.30702237951315564	0.51909676172335	0.642021852798298	0.4701929549683951	0.43124130380406195	0.42575031713182787	0.37801849506346386	0.2582785705504321	0.2861494480447359	0.442418816291925	0.5108377708388117	0.5314478364984366	0.3855544884463935	0.5275594865311384	0.4623753881641451	0.4875848034127854	0.4960107807363765	0.31204281365282627	0.5592008752088676	0.4419425252706652	0.4184526900661696	0.5012575345123348	0.34149518153847813	0.48833774213980236	0.4339489426899017	0.34427750480750763	0.3608754261154131	0.47445996389380923	0.49051744896130645	0.5011667389772679	0.5540851175520982	0.43436565301384245	0.19034900064072735	0.27784766826429474	0.36602477006739154
jr1076	0.6901262442921937	0.5769418345059278	0.3470130380814504	0.5389376811212766	0.3167379681360415	0.5691875878154118	0.2511641202046303	0.32742988160324216	0.4392756681797552	0.31921490996165275	0.4897010241569302	0.46038737108096306	0.5359951025775598	0.29444161267760366	0.4462124495196615	0.5727608543133044	0.7062670608641974	0.4723432586430328	0.0	0.4771514844948419	0.5942746663715669	0.6122029400245101	0.23474545453276183	0.4710427458827492	0.4701719195054106	0.47344026338476664	0.04732274618815731	0.6001902364631976	0.3159352314971723	0.5701264406193403	0.5010414474132023	0.6089914361592631	0.7164865854729009	0.7172594180358747	0.5561130665490018	0.5488728014395977	0.4729047738429676	0.46504207310527074	0.8182524008555964	0.7585808281340568	0.47536029208026387	0.47746892103980215	0.6955938530552236	0.645924750085295	0.5965179822308335	0.7264134820838267	0.38803004172812167	0.5263420696996972	0.3669414332033613	0.326293550122624	0.6787053338151824	0.6710221107368545	0.7658002986422684	0.5781755931967385	0.28420411978042726	0.5698118631212176	0.3943325379715165	0.19173765124743167	0.6047571827638438	0.5490716252345887	0.3436869733688402	0.8676789532510101	0.4027027594144387	0.5282084024517204	0.35491838173146584	0.4115890379502875	0.2936191722481434	0.40202308789901897	0.4189406841449145	0.3339157893379882	0.4864097082956067	0.37173366627066806	0.27840796696398207	0.7345514945003808	0.5179968428973949	0.5015333749649019	0.49200057832955324	0.4531946702898498	0.5008365139025674	0.3654021082321191	0.5040439045830815	0.53146801205457	0.7029331556512736	0.4064664017457641	0.6731221243933562	0.5307889247870557	0.5526444995012487	0.6478330870484489	0.37883597377164474	0.5511116765933238	0.5969408011604503	0.6524854267577995	0.7054779959778142	0.5842327105740139	0.22855975595396028	0.47978428097269427	0.34288598791524827	0.40273763905708587	0.6478498851903749	0.6742305343060898	0.5220713338496697	0.5673680651688222	0.596882424654311	0.5260965553193009	0.5704803631068901	0.35569589086060444
