	ec1249	ec1257	ec1265	ec1298	ec1301	ec1309	ec1314	ec1317	ec1346	ec1349	ec1356	ec1359	ec1361	ec1362	ec1368	ec1378	ec1380	ec1390	ec1392	ec1393	ec1396	ec1400	ec1408	ec1409	ec1411	ec1420	ec1422	ec1424	ec1425	ec1427	ec1435	ec1437	ec1442	ec1449	ec1457	ec1462	ec1468	ec1469	ec1470	ec1489	ec1492	ec1493	ec1497	ec1498	ec1500	ec1502	ec1508	ec1513	ec1514	ec1516	ec1517	ec1524	ec1525	ec1530	ec1533	eti111	eti121	eti125	eti145	eti146	eti149	eti151	eti152	eti153	eti154	eti156	eti162	eti164	eti165	eti167
ec1249	0.0	0.17425333339616556	0.12590555832006614	0.27259283545315266	0.18208771690892075	0.23657406571517317	0.19524081638310353	0.3375412104169264	0.14453380008422176	0.14498510156686936	0.17288079785488972	0.20642200349705334	0.1904266729496123	0.14496249054089258	0.14251413009127187	0.212317501091187	0.18608422656466556	0.20085852787013153	0.1841683596311114	0.13659600969258112	0.21076376991691267	0.1417344176473539	0.20329485212329004	0.1969683650502859	0.17105745013859963	0.21316893210028945	0.19796075096441226	0.18063979203256822	0.1921132938748804	0.2857391248979047	0.3220798089173577	0.20641153195576262	1.2489674137206352	0.4907697397440669	0.1481497005081906	0.21876297097504094	0.23711194188912954	0.40586310812816284	0.1368542123523259	0.48674674645480576	0.1610742632110316	0.16035932429990288	0.5096440155029215	0.4620212270461602	0.18546775934493748	0.12533028524235668	0.1648045848429307	0.2054231439155964	0.20095067088237892	0.9788601345362501	0.15313899070191697	0.21331377065608967	0.20913836231925292	0.3502994284391972	0.17805305696353693	0.16543622289139717	0.3183770067913514	0.21245344040772135	0.18416638354737197	0.17812063961108834	1.1504102374836318	0.4397314037085657	0.34063625520521473	0.19352317789957385	0.19109603774615974	0.20753834732496634	0.736564645778762	0.13765002597379136	0.1976379160568816	0.2618506692626794
ec1257	0.17425333339616556	0.0	0.13686732317959033	0.3656582346429242	0.2686280628429433	0.30875506027451494	0.06671505951227626	0.3954529427030261	0.11093244052690629	0.0785705338993105	0.18986656593274567	0.07426418416800869	0.06160312551418229	0.0682698122476662	0.2338425790896977	0.08451822831854945	0.06504695297920962	0.06859864553623823	0.04526035918637839	0.11771881874941276	0.07878307896341365	0.04959715978808032	0.07214877470837357	0.07243768914105281	0.06787048660473458	0.08285941640617064	0.07302317445692345	0.05705931404623373	0.06622400287452249	0.34452748352205115	0.3814289058312209	0.300901507006529	1.2688566633160296	0.5634542921684722	0.13599658987324786	0.07658067832412667	0.2590017524629561	0.4616102834502781	0.107113481063011	0.5106661892635318	0.05362859221507434	0.22950272621358137	0.5671571756880335	0.570781257250389	0.04492675125380871	0.20797644334806634	0.09460557269565621	0.05717568233602607	0.06558503560998384	1.0065689241671494	0.0906472382339992	0.07985636041702954	0.06643344951280145	0.43186375749653144	0.04936404082604539	0.05509243552091934	0.3480260052340537	0.08236148902184054	0.04985719655494287	0.05643608751445664	1.1904166369149383	0.5305522414480334	0.4094104665813392	0.05349720407739399	0.05271583145342476	0.2671757824028585	0.7618713703365967	0.17961786518890688	0.060343623600250106	0.16636045120545648
ec1265	0.12590555832006614	0.13686732317959033	0.0	0.3006751476852688	0.2187235486273584	0.23213957039899688	0.16925160357990418	0.37088853660442256	0.1484834678090106	0.1276428012484844	0.20010841841391264	0.17469765004211935	0.16020047389358968	0.1267959285417742	0.16822507136598122	0.18546854698018106	0.16415350881037985	0.17228717319161285	0.13507224614462454	0.12417797888090112	0.17542840872115303	0.13294815539553356	0.17248840758149425	0.1687900015181309	0.1434085370673728	0.17966986356636339	0.17233939830126632	0.15025948067561126	0.15949176251992134	0.3074589961087007	0.3486231063960176	0.25243809927996097	1.2632643939741262	0.49086169579317596	0.11878621032910892	0.17115794335338286	0.2641007665044822	0.40506197104069397	0.10355167228672159	0.4995087609486636	0.14084987065183854	0.15312564778904247	0.5127428114711323	0.4871836264527848	0.14457570372754938	0.16764276951277562	0.13970254357692097	0.14000688528196759	0.16764991281533825	0.9970362336841001	0.14542365428473056	0.17910559322281877	0.16843055192938972	0.3509827859255911	0.13521016196534386	0.1382440630984516	0.3492999237087169	0.1810780775776364	0.1487156615380407	0.15287833896944156	1.1624802796708753	0.48279330186143926	0.33860352064301774	0.1537889335048184	0.14737293583113084	0.2097936567582548	0.7538510067320595	0.14783490087546175	0.15766322731979074	0.21809024828872287
ec1298	0.27259283545315266	0.3656582346429242	0.3006751476852688	0.0	0.3123205216341004	0.24630227045549516	0.3828001800057023	0.42685046503971497	0.3288956625259291	0.32837193413226434	0.34535575048920425	0.3950722588119957	0.3781643118401635	0.3172160851923754	0.2392988863756744	0.3950250006451828	0.3722723086773215	0.39496770728922437	0.3613939800691071	0.30264384347791645	0.3950386314049387	0.3559848538814622	0.3942382288004285	0.391332976022288	0.35259592926190914	0.3973908072218754	0.38202069623077495	0.3637808317932308	0.3740507746808965	0.3799536496220541	0.42722200856139686	0.29398905941956954	1.3563458075264891	0.5070644918331526	0.30128345856322336	0.3862189617023638	0.3677903882377351	0.49773458253215375	0.3009810906726717	0.6278783013184375	0.3551764118756081	0.2369956827366859	0.59757061401067	0.42625267904076086	0.3694648869995312	0.28856623712858703	0.35359059948053473	0.369974844392387	0.3891830537806961	1.0862068508801812	0.3642108874668032	0.39739091428214113	0.38875724444315685	0.446549780737675	0.3578850746632437	0.3490354428999272	0.4503118638089144	0.39782213463408767	0.3698899946364529	0.3680759289209595	1.2636811590984065	0.5431695988479661	0.42707062592811984	0.37819863858969593	0.3691574998143001	0.2856730789006942	0.8483768826678149	0.28023349865786934	0.38181236901937676	0.43392023339291036
ec1301	0.18208771690892075	0.2686280628429433	0.2187235486273584	0.3123205216341004	0.0	0.2363053529355902	0.3057941690197772	0.3155943924097259	0.2783788365701898	0.25375535031743807	0.1821875105245071	0.3091221096335264	0.29550939644249885	0.2591194814698057	0.25293574843271294	0.3184997850267455	0.29357380036738717	0.30597351301901543	0.2859020309536222	0.2647527450138223	0.3113695682054953	0.24860429384059657	0.3060417849799339	0.29401664110612397	0.27864269320784213	0.3145752068470101	0.30426372138546437	0.279320115317047	0.2998369585764076	0.26242151456638374	0.2920931123904824	0.22955037300097533	1.2066003053945422	0.43901686342050616	0.26118102022465345	0.31793246258895164	0.18376848735537835	0.38053076720376006	0.24847970157132848	0.5504752891730548	0.26544544728813046	0.23124928401656306	0.48754758111723306	0.44005435523896325	0.28581517258498795	0.19340199076223444	0.26880785778838884	0.2965758041569153	0.3045394998060297	0.941525945406595	0.2500820176232551	0.31227098659599406	0.3079137625594811	0.3230054663460152	0.2807437649387117	0.268973121164472	0.21132668505583474	0.3141306679658215	0.28340530981805473	0.2791468963894078	1.1088333883183206	0.4260774298477271	0.29747267219962387	0.2925679571124896	0.28638587126749465	0.2183238819931646	0.6972415793750932	0.24139602492325407	0.29792127925028794	0.36503052022753113
ec1309	0.23657406571517317	0.30875506027451494	0.23213957039899688	0.24630227045549516	0.2363053529355902	0.0	0.3496767527629144	0.41273778596319105	0.32388463192261124	0.29874863045954825	0.27886469634817657	0.35289826280964687	0.3409615811370447	0.30462229857479073	0.19109087523956603	0.36537470936699684	0.34040224631367855	0.3493012238230182	0.32030069763117014	0.303708200217516	0.35791324871691094	0.2956503731558848	0.35056828505091797	0.34813266066889237	0.3166898259714822	0.36141187984112405	0.35228231304616264	0.3278950704295601	0.34058315883931384	0.35068557285417595	0.3959734539109779	0.2728294584539725	1.304481037791382	0.4209938721226346	0.29609712362467294	0.3544949551748318	0.2888011147057224	0.461531185603194	0.2877120755232199	0.5934780816048612	0.3211202078758834	0.22526718758739372	0.5650789190809997	0.3930303600143943	0.33102528473713755	0.23248461860974312	0.3124437685400401	0.3253055106702179	0.3512824393649808	1.0387910129096614	0.3068846399215097	0.36026154221241724	0.35421971255323975	0.3355853436310039	0.3190005778105037	0.31448692974492903	0.37253210236205897	0.3618619742882342	0.33264615974595113	0.33327423764311837	1.193042268122282	0.5215847258663878	0.35899206459210004	0.33829870439767973	0.3321191673991716	0.24426574213943658	0.7954351217908635	0.2708186244449765	0.3435967918451264	0.40080964001041575
ec1314	0.19524081638310353	0.06671505951227626	0.16925160357990418	0.3828001800057023	0.3057941690197772	0.3496767527629144	0.0	0.4144001193398338	0.09824336670836355	0.0813910645615234	0.2126046768712804	0.02902861519567667	0.02966663230326451	0.09481429187398968	0.2616431744229846	0.03628039650457922	0.036201586245670256	0.02341315265398539	0.04602375944278204	0.1331851746111919	0.03394919916016307	0.06359455440503409	0.03611775572319822	0.0524652762951972	0.06464630642154189	0.0356101796048829	0.029487394115494784	0.03885514819048747	0.028753126016434472	0.3626545240366178	0.3951713083833762	0.3005105373544294	1.2703703608178598	0.5782087547258713	0.1659163500759181	0.0566826922640509	0.2799618988823495	0.480438576704888	0.13431416981286587	0.5135132190054252	0.0661442756763664	0.25201545134210385	0.5850253101524714	0.5822418116108441	0.04033991976163204	0.23418351766283127	0.10003974298578257	0.054884641460051335	0.035898453655154546	1.006259286628095	0.11218363195582827	0.04873196188552741	0.04081977801582223	0.4427991493620114	0.055411803545605466	0.0620584539306159	0.36107424290403833	0.03451249641109875	0.041299254578843446	0.053207542036659804	1.198979544563709	0.5402502734291568	0.42639805516016405	0.046515376975252425	0.04220641860458318	0.29030835322386056	0.7660770555115455	0.2093246830136982	0.03891648126254759	0.18392680601721462
ec1317	0.3375412104169264	0.3954529427030261	0.37088853660442256	0.42685046503971497	0.3155943924097259	0.41273778596319105	0.4144001193398338	0.0	0.33943122346436705	0.38359817473321683	0.38206099856119335	0.4229466232059551	0.4052902115337902	0.3400591985847226	0.34977202927258266	0.41931936427309346	0.39800691904630603	0.4225241448031194	0.39323028359005513	0.3300166813444598	0.42151671933248025	0.3898582705735832	0.42063638551546423	0.41942733845678504	0.4037861347562953	0.4243777640277423	0.4087088633330213	0.39487003325594977	0.4078724323354901	0.1183168406023532	0.1962269787527092	0.2014670603431462	1.1842070142732355	0.5319567419107422	0.3031449199924723	0.41506496112851277	0.38433190579593746	0.1978371647367242	0.33348254379774184	0.5906205059845834	0.3844903467766593	0.2985952468046366	0.4176184307660208	0.37810249432260495	0.4013386651441284	0.3696481136958154	0.4066414952861512	0.40598206156095756	0.4181070534107062	0.9178488627134415	0.3930536956148929	0.42379713004042097	0.41648329161786585	0.4135615472444001	0.3976125750466873	0.3793763733362071	0.3567130038606505	0.4246658084376491	0.398861170887028	0.39642096216412304	1.08863209410031	0.24262297919494896	0.3820393530970228	0.40710661335596504	0.4008804776206303	0.24076374572059447	0.7186880452531863	0.25667778680025677	0.412959267716163	0.40298610072632896
ec1346	0.14453380008422176	0.11093244052690629	0.1484834678090106	0.3288956625259291	0.2783788365701898	0.32388463192261124	0.09824336670836355	0.33943122346436705	0.0	0.0752551125061327	0.21925936865613274	0.09762158206079277	0.08915636656123313	0.06351688802198195	0.20828838732060795	0.09961968682771752	0.08236058234252382	0.09930781872531173	0.10770651894917321	0.07204151663411773	0.10157218171367906	0.08630852402592556	0.10178267154744496	0.09540531794994977	0.07918713739707522	0.10401768598307705	0.08819434642575029	0.09124727057891405	0.10423664342563158	0.3078806822375365	0.3602002131698319	0.24994221640126477	1.2463127728052892	0.5505755170332256	0.11708942001640579	0.14059146559884267	0.2797964668329046	0.4279443857647985	0.08695565430142047	0.4876563956821677	0.09220330836997237	0.19995615603911657	0.5111883268276675	0.5220151457692425	0.11461260369923988	0.20913138576064882	0.1088862598060042	0.13056005925544759	0.1274451118479826	0.9829120791649202	0.095278353087908	0.12808705870910111	0.13151558650189338	0.41444477887209674	0.11090488083034838	0.08184106895605908	0.35975288562088353	0.10658305313159128	0.11409729671937173	0.10593187912628771	1.170003627483412	0.4759642689063601	0.39707336133668786	0.1187132314182184	0.11893378005484948	0.2385385648267995	0.7436044496174846	0.16062433688066585	0.12789974657953496	0.17117783231098604
ec1349	0.14498510156686936	0.0785705338993105	0.1276428012484844	0.32837193413226434	0.25375535031743807	0.29874863045954825	0.0813910645615234	0.38359817473321683	0.0752551125061327	0.0	0.2057342142321951	0.08792837126154465	0.07598558592572457	0.06333125267385993	0.2055481397609866	0.09713476905712512	0.07057351675015687	0.0829192261132553	0.08188215021089024	0.10784649427894734	0.09327353987820441	0.055047706269050076	0.08552524315832764	0.08268400183835913	0.046940577331074	0.09566654097358518	0.08445757707815299	0.06874370973456034	0.08520689791524487	0.3276267298628905	0.3612978753653339	0.24985069188884498	1.2753872493046314	0.5379242142946069	0.13079581602872317	0.1250714491414114	0.27455781430245657	0.4407552692258204	0.09642999599095786	0.5138012436630113	0.07177406686771529	0.21323657326319853	0.5573495012966139	0.5303352091152063	0.09051220628193665	0.18090898167545083	0.07464577351177579	0.10456974679501602	0.10327122189669638	1.005964864511068	0.09364707107513044	0.11021804485858137	0.10706185402136137	0.40761641856719577	0.08147703058126735	0.056859124810040185	0.3537901161106934	0.09712703117920632	0.08700651374942556	0.0798707601489242	1.1825717865157734	0.49318163886517086	0.37924539835039445	0.09480370577353929	0.09079139421975516	0.25016531542813264	0.7673749279042074	0.17581301870610966	0.09947197598968467	0.18481579966579276
ec1356	0.17288079785488972	0.18986656593274567	0.20010841841391264	0.34535575048920425	0.1821875105245071	0.27886469634817657	0.2126046768712804	0.38206099856119335	0.21925936865613274	0.2057342142321951	0.0	0.2194751085854835	0.21417764291350838	0.2049515813738835	0.23165197707782792	0.2365929619859315	0.22018225728798366	0.2137794753240346	0.2121356885415512	0.21542499210909166	0.227084701476243	0.1769839160523775	0.21673297073509656	0.21600051217725977	0.21798030099875956	0.23038723130474248	0.22485696905218136	0.21648286838963063	0.2202716061404124	0.325867361207089	0.35410859040123865	0.2756475324790578	1.2330093385045704	0.5301905258375432	0.2166769004817487	0.24054730895434528	0.12393783763170615	0.44107244287572767	0.20505934228744133	0.4757575442381691	0.19854964043782777	0.2175926374899838	0.5487884906675135	0.5412108358938411	0.20472671218649396	0.15924986374758612	0.22247927076137083	0.22216279504336803	0.21436741256111977	0.9680229765398616	0.17358167206721775	0.2246198819432632	0.2158659587875472	0.4001746674114428	0.21046129487108164	0.20764204990283452	0.22549990588253283	0.22732660348225447	0.2075408911849366	0.2052748162433861	1.1563450720359696	0.5053288831573404	0.38047694845367547	0.20841485684157648	0.2111352522794594	0.2547397980937728	0.7275230853133807	0.19463654360367544	0.21110458007375488	0.29111469580867977
ec1359	0.20642200349705334	0.07426418416800869	0.17469765004211935	0.3950722588119957	0.3091221096335264	0.35289826280964687	0.02902861519567667	0.4229466232059551	0.09762158206079277	0.08792837126154465	0.2194751085854835	0.0	0.025245906140299455	0.09988548357329882	0.2733721166005547	0.02576441298356864	0.028688639292899346	0.017711011497731865	0.056646510577955576	0.1430117757683498	0.019558984036097356	0.07517330589010307	0.01720439823837957	0.041299288615625616	0.05457328737443918	0.022673179895448894	0.023290078322916706	0.0397293089378706	0.03836945145657119	0.3673692725601405	0.3964428389329034	0.30014821084834903	1.2782341204043488	0.5777568863606821	0.17110574725416464	0.07762007987811761	0.28299616872400163	0.4794706569205999	0.144620940833092	0.5259116313171344	0.07946244088751127	0.26344619376385237	0.5951467650640495	0.5844782949417039	0.05293614318311293	0.2416998130601444	0.09696290650783765	0.06283841019397879	0.05100239491844913	1.0157661938376852	0.1112550164684246	0.04574247629026003	0.05658549284533031	0.44575137336769743	0.061488998795055545	0.06878186774573573	0.3615570374811927	0.026344189625587402	0.0501917839203701	0.06227740273304308	1.2042257708677506	0.5438974584692801	0.42656281264623963	0.055228129899924046	0.05059343785384731	0.29775062975672384	0.7792311696961702	0.2146751048688219	0.05191442385064473	0.19876738220653684
ec1361	0.1904266729496123	0.06160312551418229	0.16020047389358968	0.3781643118401635	0.29550939644249885	0.3409615811370447	0.02966663230326451	0.4052902115337902	0.08915636656123313	0.07598558592572457	0.21417764291350838	0.025245906140299455	0.0	0.08419511783383643	0.2601137382048487	0.030617658349924533	0.01542941623984992	0.02760643555703123	0.03819816936401136	0.12882689632776273	0.023608290025413557	0.06368571533803417	0.031320770726278487	0.0425119140104729	0.046648888837865526	0.029131747631178272	0.019915409191926137	0.02443578799882308	0.027774196140113207	0.3486017555564828	0.3870564977809906	0.28893720283152224	1.275012261209165	0.5690084358557832	0.15221387191263067	0.07035289772518595	0.27614733674959174	0.46492145936247764	0.12509516718405428	0.5104140650428003	0.06778194157437521	0.24447989866714398	0.5762352680489937	0.5758803473775792	0.036739634042404185	0.2281792806514859	0.08932528740195696	0.04782160436013106	0.04583579084509433	1.0094435366922965	0.10070623839494663	0.046022160453061484	0.052660046707888646	0.43615661533609845	0.042727356724941046	0.052813703853062686	0.36053039435188494	0.03099796907876352	0.03231419997840056	0.047517568415143194	1.1997838247902672	0.5363334238618233	0.41297341637884416	0.046694679274030405	0.03514595517230029	0.280548253012011	0.7682533893699942	0.19498596080603242	0.04284114944220262	0.1834116660844232
ec1362	0.14496249054089258	0.0682698122476662	0.1267959285417742	0.3172160851923754	0.2591194814698057	0.30462229857479073	0.09481429187398968	0.3400591985847226	0.06351688802198195	0.06333125267385993	0.2049515813738835	0.09988548357329882	0.08419511783383643	0.0	0.18787680059791423	0.10619059341599628	0.07858553096563518	0.10024873412913979	0.06700167538048019	0.06271553636811276	0.1024035307199112	0.06340436860372158	0.09759800208833821	0.09712310412089988	0.08321081258773141	0.10570041748583547	0.09605667764679446	0.07427720702252325	0.08991287630694814	0.28731747385826995	0.3473682323458169	0.24625615608982998	1.2642830915083756	0.5487319044197058	0.07310420438562205	0.10045591727762594	0.2713067051380253	0.4068477132628754	0.05949218537912458	0.5079682020793893	0.05919187639781688	0.173068495841541	0.5124254861587481	0.5187683866632432	0.07610697521723124	0.2039328383122456	0.09226939172861631	0.08246283894473348	0.09623418511609778	1.0031018704792791	0.09229528628797176	0.10730936454470652	0.09785396497671646	0.41754503134405907	0.07624983251186526	0.057913763825500335	0.35349811310294826	0.10613941449660429	0.07791303059727654	0.07703330667131747	1.1886015623584214	0.4776719901431448	0.3911987124047204	0.08582026348260582	0.08201974226071805	0.2125526974350382	0.7598388304709244	0.12514890667655842	0.0914992499467961	0.1575637907844023
ec1368	0.14251413009127187	0.2338425790896977	0.16822507136598122	0.2392988863756744	0.25293574843271294	0.19109087523956603	0.2616431744229846	0.34977202927258266	0.20828838732060795	0.2055481397609866	0.23165197707782792	0.2733721166005547	0.2601137382048487	0.18787680059791423	0.0	0.27705949285963344	0.25488498143200977	0.2693680777977172	0.24079313185588655	0.18292335054018408	0.27824572599545194	0.22397375719633722	0.26784293753594635	0.2696071580906135	0.23288168977413584	0.2800479678288787	0.26418425709873317	0.2455007009212712	0.2561507773865801	0.30136541496576585	0.36218247934080045	0.21676159500406483	1.294623005346239	0.4471450854372261	0.16920842222571122	0.2646702456373821	0.30035211801394357	0.4187977310708115	0.17640588248151043	0.5376751415206509	0.23367744172651006	0.13798651073566923	0.5310136855496254	0.4068231831565644	0.25062107258038335	0.17994792355950234	0.23173866726214817	0.2557074060895539	0.27165568185801103	1.025118521683386	0.23805226047966122	0.28172337977718986	0.270422958968826	0.3588905139565829	0.23635100619431865	0.22950566874158673	0.3816207161386674	0.2807764771492733	0.25212610620877424	0.25078867432232804	1.1945138473054364	0.45815348104636133	0.3698873321267792	0.25888921114077146	0.25536999634371615	0.21946548343539485	0.7855889132719021	0.15623750256025018	0.2620865141176197	0.31810250268672924
ec1378	0.212317501091187	0.08451822831854945	0.18546854698018106	0.3950250006451828	0.3184997850267455	0.36537470936699684	0.03628039650457922	0.41931936427309346	0.09961968682771752	0.09713476905712512	0.2365929619859315	0.02576441298356864	0.030617658349924533	0.10619059341599628	0.27705949285963344	0.0	0.03395047622913658	0.03504498309579954	0.06143246130130056	0.14437555554943485	0.0151551932671168	0.08631561993140714	0.036132363013120984	0.0507146779738005	0.06226721790750861	0.021179419429026958	0.02139287005544359	0.04481557935699571	0.044647122356206756	0.3679234855446338	0.4027750380513329	0.3046450646074065	1.277473525249406	0.5792820742457487	0.17318752781770244	0.07764714866882429	0.2958294492386443	0.4818768455559902	0.14572027402133156	0.5272249330640035	0.09046327941502655	0.2600827177674885	0.5909838073737084	0.5828394947125902	0.06310676370100052	0.24887271161304556	0.10235144745947725	0.06955108837985116	0.057075339400475475	1.0179785692340464	0.12098330926185366	0.05160502560805802	0.06005620492496087	0.4500771996093426	0.06664431761476665	0.07388854339705066	0.37276357067185756	0.028161670459039743	0.05712084657280067	0.06828500690474766	1.2070611922599586	0.540763008428502	0.43183030310916987	0.06399665578338845	0.05815365424035678	0.2978442587848728	0.7862861411014681	0.2169001587340362	0.05824820097710029	0.20176574087638377
ec1380	0.18608422656466556	0.06504695297920962	0.16415350881037985	0.3722723086773215	0.29357380036738717	0.34040224631367855	0.036201586245670256	0.39800691904630603	0.08236058234252382	0.07057351675015687	0.22018225728798366	0.028688639292899346	0.01542941623984992	0.07858553096563518	0.25488498143200977	0.03395047622913658	0.0	0.03274262583293901	0.0411232480484703	0.12324843186582517	0.029443357364408958	0.06263374976246666	0.03007566324310464	0.046349396762966136	0.04548206793535278	0.03445749470901501	0.023142315815416953	0.01968070799091798	0.03645317330569394	0.3433097794883267	0.3815921676474603	0.28117281760556867	1.2748267889620561	0.5692090298584006	0.14622464359040827	0.07705895675729316	0.2811842299312937	0.45880406131563173	0.12071664670024994	0.5159832883275594	0.06616796971244872	0.23886491807040558	0.5701525555173232	0.5684714279104119	0.04448140481055853	0.22565242894003062	0.0858581049593745	0.05558206866633868	0.053200535681292765	1.0124563982963375	0.10054984832547086	0.05350550872444087	0.05915035391510438	0.4381128724664923	0.04686748477586994	0.0474678357506607	0.36218094089413094	0.0362888268925411	0.038162779484131014	0.04445188143891841	1.2026375598116281	0.5279467902852873	0.4107180214137347	0.04909444008935298	0.04389619121545341	0.27435471161726505	0.7736841417057537	0.18925182568558443	0.051636241463000374	0.18771085923732883
ec1390	0.20085852787013153	0.06859864553623823	0.17228717319161285	0.39496770728922437	0.30597351301901543	0.3493012238230182	0.02341315265398539	0.4225241448031194	0.09930781872531173	0.0829192261132553	0.2137794753240346	0.017711011497731865	0.02760643555703123	0.10024873412913979	0.2693680777977172	0.03504498309579954	0.03274262583293901	0.0	0.05365099832605578	0.14334292788225494	0.026487103278181587	0.06862347445967816	0.023293543467632676	0.043115933461135486	0.05852886402317585	0.027655407477926122	0.029486972447558435	0.04171025848128001	0.035881625843460295	0.3665243006605222	0.39608961528472136	0.3013820716772386	1.2751427010158383	0.5798976336702739	0.1703806908837475	0.06815274462129814	0.2763663046554471	0.4807190269830484	0.1429160905478533	0.5211878653819417	0.07397550338010093	0.2627587187047662	0.5946298213143341	0.5869571802465663	0.04807315910833287	0.23212871201097254	0.10012549929019203	0.05970234165074201	0.04694632694964582	1.0124201277204607	0.10524008349258791	0.04739835129599084	0.051611149029862344	0.4471657626654348	0.060384437265660035	0.06823582207693656	0.3549088270057789	0.024823487989402013	0.049296776956702225	0.06147854330814857	1.2006477520335956	0.5466260880859083	0.42744717301581026	0.0533259550901425	0.04947192831937887	0.2974895247266676	0.7757463338676638	0.2137913863800052	0.04556721647205675	0.19840825712332616
ec1392	0.1841683596311114	0.04526035918637839	0.13507224614462454	0.3613939800691071	0.2859020309536222	0.32030069763117014	0.04602375944278204	0.39323028359005513	0.10770651894917321	0.08188215021089024	0.2121356885415512	0.056646510577955576	0.03819816936401136	0.06700167538048019	0.24079313185588655	0.06143246130130056	0.0411232480484703	0.05365099832605578	0.0	0.11030962201629076	0.05321566318448858	0.06368414560787276	0.05564225755020373	0.06776874455676951	0.06215969781082424	0.058513797596565435	0.04951162299117007	0.033407014418366535	0.03691608141241718	0.33106213717666144	0.3848239015366664	0.29797107251229304	1.2725679549160114	0.5629396134361178	0.12792354636077632	0.052622274362098764	0.27905495395584984	0.45756107917110433	0.10010924065386897	0.5037490397085735	0.059908087255914455	0.21922914977769417	0.5584389767081648	0.5675677206976288	0.030208740652532474	0.22192147387491243	0.09608667155276185	0.027427410259472464	0.04910015403740406	1.0081866305242504	0.10925586189675317	0.06299666613917854	0.05110550035768825	0.4288032899861005	0.03527270574222233	0.05007286873427132	0.3610818164690352	0.058570320420369894	0.03415458734780082	0.0463744461371987	1.1931080410957433	0.5320324225210357	0.40635560533676696	0.0406014035752539	0.03322745547864886	0.25658156683035604	0.767745396288111	0.1711806908013756	0.04504718792864349	0.15908420641610285
ec1393	0.13659600969258112	0.11771881874941276	0.12417797888090112	0.30264384347791645	0.2647527450138223	0.303708200217516	0.1331851746111919	0.3300166813444598	0.07204151663411773	0.10784649427894734	0.21542499210909166	0.1430117757683498	0.12882689632776273	0.06271553636811276	0.18292335054018408	0.14437555554943485	0.12324843186582517	0.14334292788225494	0.11030962201629076	0.0	0.14668266543917177	0.10662807132411793	0.14178294240611156	0.14175427130168974	0.12451488380532984	0.14891327216392486	0.13312940788097233	0.11676947471326096	0.12984255136336312	0.2918155766621995	0.35062243579083674	0.25235589404426134	1.2593752787703953	0.5486496186678151	0.07286956614209031	0.1254751827363581	0.2784876324907252	0.4178310343793023	0.06574882691144925	0.5020434535098278	0.10513225193020015	0.1703790968938186	0.5068669267878126	0.5162068558061322	0.12239661295110806	0.21131550294986048	0.13203247558946943	0.11554804720671322	0.14180522472049276	0.9971569446631314	0.1174353313807968	0.15189077666263776	0.14365769511025794	0.4162391929552225	0.12170779219391813	0.09917189106618471	0.36007058977443657	0.15032306865054684	0.12162731330287689	0.12121974213709473	1.1806196296758733	0.4713119657776377	0.3946541427102728	0.13151269429791648	0.1277241744592361	0.19981456832273092	0.7527234282663746	0.1213685323760203	0.13735650461662224	0.17699346756837459
ec1396	0.21076376991691267	0.07878307896341365	0.17542840872115303	0.3950386314049387	0.3113695682054953	0.35791324871691094	0.03394919916016307	0.42151671933248025	0.10157218171367906	0.09327353987820441	0.227084701476243	0.019558984036097356	0.023608290025413557	0.1024035307199112	0.27824572599545194	0.0151551932671168	0.029443357364408958	0.026487103278181587	0.05321566318448858	0.14668266543917177	0.0	0.08012814359929639	0.030787813783306514	0.04265743722471554	0.055188597786662345	0.010021738616206432	0.0216348026365294	0.038225521089162544	0.038968593520418364	0.36310348345205007	0.3966474217599105	0.3011177807112792	1.278802364186046	0.5759530316500147	0.16621894743746782	0.0725472933271642	0.2888434797238385	0.4748234968016066	0.14061022060334555	0.5217327862575202	0.08408428777198662	0.25880099154684005	0.5902752492092872	0.5834958907969046	0.0553406855444077	0.24582886489249567	0.09963406085257691	0.05771952472926836	0.04746038599188213	1.0165988455128108	0.11555535089860347	0.043267792316858004	0.05190901385653361	0.44466135793302286	0.061178918902904986	0.06914392088303066	0.3665741711147383	0.016484428719002187	0.05010049066108301	0.0619085552921572	1.2057183717592281	0.544798080028084	0.4241850687600007	0.05798682303635638	0.04906120895682518	0.2947900900207055	0.7840629741592138	0.20979938634873374	0.04809122676321968	0.1959300273574457
ec1400	0.1417344176473539	0.04959715978808032	0.13294815539553356	0.3559848538814622	0.24860429384059657	0.2956503731558848	0.06359455440503409	0.3898582705735832	0.08630852402592556	0.055047706269050076	0.1769839160523775	0.07517330589010307	0.06368571533803417	0.06340436860372158	0.22397375719633722	0.08631561993140714	0.06263374976246666	0.06862347445967816	0.06368414560787276	0.10662807132411793	0.08012814359929639	0.0	0.07156440803816441	0.071264933800534	0.06103533818338915	0.08495763365968172	0.07233159249141678	0.056216082832065195	0.06861342110813415	0.33431774172789425	0.3662575457292201	0.2727482965494736	1.2613772915746	0.5534535702601083	0.1328295636605754	0.10160400409091974	0.24292468651827387	0.4510136784896882	0.10511778469232534	0.5019264846452554	0.054787944206723296	0.22430153861584778	0.561393760955216	0.5567625123146966	0.0647761524516659	0.1877541084055835	0.07797534208223955	0.08377172901104038	0.07607791841156332	0.9956002593186657	0.06835509815770802	0.09051630559154422	0.08786215922523818	0.4201390759874612	0.06538573932021774	0.046293185489073914	0.32440799838777673	0.08396126485345995	0.06263404606463938	0.06515664741678019	1.1786113065668273	0.5165522262625689	0.3984623855457483	0.07232070145380776	0.06907317950490685	0.26010942244259805	0.7519675253375827	0.17788276861904553	0.0755678707277512	0.1662143814003265
ec1408	0.20329485212329004	0.07214877470837357	0.17248840758149425	0.3942382288004285	0.3060417849799339	0.35056828505091797	0.03611775572319822	0.42063638551546423	0.10178267154744496	0.08552524315832764	0.21673297073509656	0.01720439823837957	0.031320770726278487	0.09759800208833821	0.26784293753594635	0.036132363013120984	0.03007566324310464	0.023293543467632676	0.05564225755020373	0.14178294240611156	0.030787813783306514	0.07156440803816441	0.0	0.042442392961581296	0.05950902128040138	0.03324028095435714	0.03259902523857206	0.04158377318306136	0.04349214766150762	0.3651173320553262	0.3957605933963844	0.297846469544976	1.2730265838923012	0.5730629479444812	0.16873773008049175	0.08242185283125074	0.28031119005486516	0.47728320683360126	0.1422846645566605	0.5228168224787114	0.0785952264609703	0.26099988889518094	0.5929311049405944	0.578849485078029	0.05310085773547567	0.23911544794838657	0.09454154718322516	0.06533423343742518	0.058980110684394176	1.010836964979481	0.10849847010544886	0.05346063913084257	0.06201477618256355	0.44021201792160203	0.059122337278924145	0.0667006082919269	0.35458185695603106	0.035082406629774784	0.054273958728600705	0.06183678631415528	1.196260208014964	0.5408759585918866	0.42330515545362646	0.05472064536279142	0.05539896363110035	0.2929951077834171	0.7764799177934522	0.21155232967704624	0.05618065787752596	0.19832056587622476
ec1409	0.1969683650502859	0.07243768914105281	0.1687900015181309	0.391332976022288	0.29401664110612397	0.34813266066889237	0.0524652762951972	0.41942733845678504	0.09540531794994977	0.08268400183835913	0.21600051217725977	0.041299288615625616	0.0425119140104729	0.09712310412089988	0.2696071580906135	0.0507146779738005	0.046349396762966136	0.043115933461135486	0.06776874455676951	0.14175427130168974	0.04265743722471554	0.071264933800534	0.042442392961581296	0.0	0.05165758273655849	0.04331630864008466	0.0424786894291866	0.052097869658407146	0.059882762244045554	0.3527271876041911	0.3943248915812131	0.29674355686712095	1.2720870432530225	0.5724432408943443	0.16640322797183377	0.09686384653201226	0.27900141811565854	0.47585035188932934	0.13972149757551774	0.5168621633947561	0.07593252121910778	0.2586648151901002	0.5912590914647848	0.5717381604697633	0.06750105767131206	0.22482126044275058	0.09305009584735316	0.08098084528446778	0.0746050099925625	1.0065251080102258	0.10708355187958152	0.07037002018044715	0.07780966338106653	0.4358479868806402	0.06671004148305829	0.06731678664042512	0.3552951739423719	0.04480210075397461	0.0674446680606403	0.06629016598733231	1.1977593826327344	0.5311545220421511	0.4154997282938663	0.07302994413778936	0.06878153759281354	0.28169048988883677	0.7713376967278015	0.2110830936203028	0.06914311068904759	0.19397558262966907
ec1411	0.17105745013859963	0.06787048660473458	0.1434085370673728	0.35259592926190914	0.27864269320784213	0.3166898259714822	0.06464630642154189	0.4037861347562953	0.07918713739707522	0.046940577331074	0.21798030099875956	0.05457328737443918	0.046648888837865526	0.08321081258773141	0.23288168977413584	0.06226721790750861	0.04548206793535278	0.05852886402317585	0.06215969781082424	0.12451488380532984	0.055188597786662345	0.06103533818338915	0.05950902128040138	0.05165758273655849	0.0	0.06046996452335404	0.05014553702707375	0.04783068366241976	0.06475556100679389	0.34270518023407953	0.373408873246305	0.27147747470541195	1.278427746635318	0.5459222512023811	0.14818535503919744	0.10982114933317028	0.28208040889208597	0.45476393990904634	0.11702442311715354	0.5135765448303768	0.06900667708405693	0.23194645910781783	0.5730088836414199	0.5500714501499923	0.07480898979987129	0.204083464146114	0.0723264864396458	0.08651809905716588	0.08777630055524556	1.0075850096454728	0.10118251640586713	0.0871874015769536	0.09198662427426071	0.41725691303323487	0.06611048570903548	0.05032308550370257	0.35909144476490223	0.0641717420043907	0.07209189622990732	0.07014329772201817	1.1857351451790152	0.5127658607604464	0.39178474371041055	0.07907081087206723	0.07572586922857333	0.26793196645619444	0.7716580945369386	0.1916215016333877	0.08312950672742343	0.1871470249832127
ec1420	0.21316893210028945	0.08285941640617064	0.17966986356636339	0.3973908072218754	0.3145752068470101	0.36141187984112405	0.0356101796048829	0.4243777640277423	0.10401768598307705	0.09566654097358518	0.23038723130474248	0.022673179895448894	0.029131747631178272	0.10570041748583547	0.2800479678288787	0.021179419429026958	0.03445749470901501	0.027655407477926122	0.058513797596565435	0.14891327216392486	0.010021738616206432	0.08495763365968172	0.03324028095435714	0.04331630864008466	0.06046996452335404	0.0	0.025137158434626043	0.04151528218659705	0.03985501899356482	0.3677246073466663	0.4016575711541365	0.3055624428695059	1.2813891978170797	0.5826700458250808	0.1707365582443617	0.06650884240662105	0.29314499486748113	0.4800339682578571	0.14608502868037554	0.5251506283079819	0.08891449364072553	0.2635331384456904	0.5949124121637089	0.5899644416403692	0.05831353640228984	0.25134627052177066	0.1049064091275734	0.06106323467998232	0.04741859810965709	1.0188621813711585	0.12090472665622333	0.04434297934238616	0.048877622775505516	0.45158895598754817	0.06532363619426118	0.0714622132202151	0.36836806540827216	0.011242493007851519	0.05339625342644821	0.06699857077200046	1.2102289889698485	0.5498911205989319	0.4292438773311944	0.06263182527641346	0.0529689509616366	0.29823198546559876	0.784695397022374	0.2148187259376369	0.04973491659919038	0.20092608727495873
ec1422	0.19796075096441226	0.07302317445692345	0.17233939830126632	0.38202069623077495	0.30426372138546437	0.35228231304616264	0.029487394115494784	0.4087088633330213	0.08819434642575029	0.08445757707815299	0.22485696905218136	0.023290078322916706	0.019915409191926137	0.09605667764679446	0.26418425709873317	0.02139287005544359	0.023142315815416953	0.029486972447558435	0.04951162299117007	0.13312940788097233	0.0216348026365294	0.07233159249141678	0.03259902523857206	0.0424786894291866	0.05014553702707375	0.025137158434626043	0.0	0.030135074224599444	0.03409061803642738	0.3573295771778542	0.3907224134277957	0.2951817590961906	1.2733530588956905	0.5739861330466979	0.1626713956496343	0.0706083086144966	0.2845654051441544	0.4724405825329143	0.13365000577242075	0.5147438726522487	0.07568442664741883	0.24842055374398192	0.580134610154169	0.575870528918125	0.04897785121675253	0.23858297175831641	0.09096579429660184	0.057846819580581944	0.05060419076172215	1.0095715401912297	0.10824467391194138	0.048215060810714014	0.055141251708822975	0.4414112419170651	0.05582121108676862	0.059410835828887947	0.36669163498388835	0.02885315067874593	0.04040573805002835	0.05376341523294454	1.2010958245237884	0.533547164495461	0.4207871873652584	0.05285990464872307	0.04431913953676664	0.28740130757008064	0.7719658503159362	0.20582146172215202	0.05260138980911611	0.18641981147324338
ec1424	0.18063979203256822	0.05705931404623373	0.15025948067561126	0.3637808317932308	0.279320115317047	0.3278950704295601	0.03885514819048747	0.39487003325594977	0.09124727057891405	0.06874370973456034	0.21648286838963063	0.0397293089378706	0.02443578799882308	0.07427720702252325	0.2455007009212712	0.04481557935699571	0.01968070799091798	0.04171025848128001	0.033407014418366535	0.11676947471326096	0.038225521089162544	0.056216082832065195	0.04158377318306136	0.052097869658407146	0.04783068366241976	0.04151528218659705	0.030135074224599444	0.0	0.03365092811232721	0.3416095205544877	0.37342019349949424	0.28418000489388784	1.274036467781514	0.5651290932137882	0.1380013792744231	0.07100272969236136	0.2785550343358685	0.45723509240009724	0.11300333418440209	0.5142691668901704	0.059919957899549466	0.23167939276227884	0.5661224744968618	0.5657937086405788	0.03830348110653402	0.22427095151191578	0.08052466064297609	0.048816834068364644	0.05090191850629201	1.0092648005257412	0.09732644055715974	0.05581550841928676	0.0579601319186821	0.4348458473438922	0.03782167842121528	0.03826681238367878	0.3598580827856443	0.04215593471932	0.03076283435150025	0.03717055252509513	1.1985151398499594	0.5264790929179282	0.4091844452505954	0.04448565123017992	0.036948585537823896	0.26612048646398906	0.7675710582898349	0.18375060684473585	0.047261241669630936	0.17671678349950493
