	SRR21280500	SRR21280501	SRR21280504	SRR21280506	SRR21280507	SRR21280508	SRR21280509	SRR21280510	SRR21280511	SRR21280512	SRR21280513	SRR21280515	SRR21280516	SRR21280517	SRR21280518	SRR21280588	SRR21280622	SRR21280623	SRR21280624	SRR21280625	SRR21280626	SRR21280627	SRR21280628	SRR21280630	SRR21280631	SRR21280632	SRR21280633	SRR21280634	SRR21280635	SRR21280636	SRR21280637	SRR21280645	SRR21280646	SRR21280647	SRR21280648	SRR21280649	SRR21280650	SRR21280651	SRR21280652	SRR21280653	SRR21280654	SRR21280656	SRR21280658	SRR21280659	SRR21280660	SRR21280661	SRR21280774	SRR21280775	SRR21280819	SRR21280873	SRR21280874	SRR21280875	SRR21280876	SRR21280912	SRR21280913	SRR21280916	SRR21280917	SRR21280919	SRR21280920	SRR21280921	SRR21280922	SRR21280923	SRR21280924	SRR21280926	SRR21280927	SRR21281059	SRR21281081	SRR21281124	SRR21281125	SRR21281126	SRR21281127	SRR21281128	SRR21281129	SRR21281130	SRR21281131	SRR21281132	SRR21281133	SRR21281252	SRR21281264
SRR21280500	0	0.2939793883904819	0.2234799120931804	0.2897172099221246	0.2185851573210795	0.2116397248593099	0.1733446461263642	0.2634849980452919	0.2011447832224634	0.2011672609259424	0.3873680916911403	0.2265000798301111	0.6653372521894958	0.1834832273135174	0.206445828875346	0.4109222545136414	0.1667246851343711	0.2696764646602866	0.2386231451800956	0.2910336538123798	0.2400815556715626	0.2820980312227236	0.2237372740934776	0.2382238371935616	0.2303801442907538	0.2044445799843339	0.2348177926039869	0.2644573542502057	0.2026909707866861	0.242044887969413	0.2040939238158147	0.1691980204870029	0.5148492684637714	0.2768690682022503	0.4719284579026342	0.269106473416609	0.277650438425595	0.2139663291305863	0.1923762881458091	0.2657419366722679	0.7134007058115834	0.1684712782134558	0.2169006797188268	0.2204898487616997	0.2425387699668123	0.1905285669040523	0.19973207517206	0.2848550991980995	0.172855460829643	0.2572615117359235	0.2622345182481808	0.2319628932318875	0.2543340219591575	0.2676096808148635	0.2329045561981602	0.2614604924739304	0.2354101460671452	0.2691791106650833	0.2323205907910442	0.2269168026867076	0.2286926230850287	0.2388631823112418	0.2185820959465909	0.2806185293613844	0.2350144753696008	0.2960083493080263	0.2340412582719284	0.2642414071476739	0.2369896588608741	0.2970560420486297	0.2870279480003897	0.2783074423215343	0.2513894877301961	0.2326652280027797	0.2270536224936849	0.2340158517252817	0.2471364328275225	0.219851117603318	0.5111900161766321
SRR21280501	0.2939793883904819	0	0.2771289112256097	0.3407979409374057	0.14968625546008	0.153855961161845	0.1945580972119818	0.1180269849362356	0.1434064492837025	0.1602059316644364	0.4251806209578836	0.1410145787106432	0.8168574176348303	0.2656042195158104	0.246969485309059	0.4897709916605486	0.1613061678391141	0.044638515169655	0.0933684818579395	0.02567798049432498	0.08000866916596321	0.04069796844509187	0.1081365685576552	0.1348499987190011	0.13885434177637	0.1390221047311213	0.09090078480441033	0.04330375344522366	0.1163088571192583	0.08134160832248755	0.1619107599885322	0.1850718666837613	0.6552555543475842	0.03446790381504682	0.4446583337432712	0.04438695863491903	0.05362495457918742	0.1370297797159799	0.3018029498269416	0.04756202713633981	0.7027450521235689	0.195020103621776	0.1174634943572642	0.1099146564634861	0.08156589974401368	0.1438360167859829	0.1692613133516858	0.02957217308300344	0.2760054324684205	0.07585201311922413	0.05289719006966918	0.09147198250932992	0.1023426441028287	0.04710056651629874	0.08667971989418073	0.06480739442202006	0.0876912528339663	0.05079115217726583	0.1155317187708847	0.09573025745713155	0.0902203635335454	0.08038436355147592	0.1059956368752367	0.0321361635465516	0.08586358323542354	0.386619078188675	0.08204591014828369	0.05161830717412518	0.07979932252400407	0.01117510632847582	0.01973300477174575	0.0370721739899814	0.07142633706334825	0.08804128524533447	0.08903987182527531	0.0897096342453327	0.06368938826530884	0.1083649759203617	0.5136424492922117
SRR21280504	0.2234799120931804	0.2771289112256097	0	0.1423836608359925	0.1809192874294156	0.1473902995476306	0.1767058821923249	0.2302291986284763	0.1852781236469977	0.2077733147994316	0.2928578327719359	0.1893607302294601	0.7620879322600161	0.1291035286507699	0.2159729164583478	0.4976968669555734	0.1775622677699024	0.2506230720703161	0.1994955109938938	0.2675478966586977	0.2421543073285687	0.2549138568502983	0.2425442746468143	0.1669401501101866	0.2550597018913765	0.1880760165919303	0.2241464583977112	0.2445247862571932	0.2187418008417384	0.2126397894333708	0.1712013322295904	0.2064715964398526	0.5847182361614951	0.2587283586489143	0.4664845467606812	0.2653501492598137	0.2514100711499203	0.2025599698854719	0.3077938315141037	0.2493542696219511	0.5950966097833322	0.2130937166553414	0.2193257324824359	0.2167052647138533	0.2281146320230267	0.2089798360108009	0.2118543891457917	0.264032123879624	0.2963693475175128	0.2276158940802408	0.2415390648547257	0.2131279609785931	0.2242387480909037	0.2469464975740054	0.2137959079664586	0.2352954571472729	0.2113793723455951	0.2465241797890582	0.2295901688120665	0.2104500012823849	0.2146247988630771	0.2207768041367492	0.2148457996326226	0.2600673312848928	0.2179587042223711	0.365605022985907	0.2473296225330782	0.2446281200809732	0.221607508503328	0.2783022352000819	0.2688394315995352	0.2544479171091399	0.2316114353164358	0.2131289392335569	0.21284545141274	0.2190426424368631	0.2265967483567173	0.188622778475355	0.4888323929939464
SRR21280506	0.2897172099221246	0.3407979409374057	0.1423836608359925	0	0.2377296518049756	0.2295982473857818	0.2424916562305821	0.3008784852321765	0.2585019801338052	0.286978702381294	0.2219786137766903	0.2601293406031252	0.788588965747488	0.2290840015203157	0.3005609394866358	0.543189791996628	0.2420581889518816	0.314856175489778	0.268811343645896	0.3364101021434426	0.3049861756422605	0.3215832763535427	0.304557133714277	0.2282463938795702	0.3180257582520188	0.2488111202070022	0.2847839716130868	0.3109585270737388	0.2820533857521716	0.2789788039256373	0.2461619101717686	0.2762486291635665	0.6025249080730219	0.3220920621332102	0.5319076995192383	0.3368953380408917	0.3213917646492421	0.2716509666699884	0.3822174310286429	0.3167325001828744	0.5317412241491624	0.2881748318823557	0.2982109000409906	0.2814942435770961	0.2920285164224156	0.2834027106576484	0.2924790831945586	0.3313606604270246	0.371879419636364	0.2872839232049911	0.3076855136704393	0.2802332931100269	0.2876383592413053	0.3136797610375082	0.2807422166939853	0.293842015280793	0.2782486681305795	0.3140491769936989	0.2972573108941274	0.2775554061360078	0.2813041363768672	0.2873311421230675	0.2797139407376277	0.3266904634411777	0.2848469326036276	0.4124082983744724	0.3198739174353433	0.3117236086401909	0.2871544159935367	0.3436838837614197	0.3326532302189729	0.3203296074603013	0.2973672410071267	0.2776338532230081	0.2799011625196632	0.2861573901730465	0.2928675475273448	0.2743027045241092	0.5433211298564384
SRR21280507	0.2185851573210795	0.14968625546008	0.1809192874294156	0.2377296518049756	0	0.07696009903170511	0.1261577887085524	0.07957025174068795	0.06834217318405768	0.1775203838099414	0.3480876552341392	0.04901367522160991	0.7742792062006794	0.1844540325726587	0.1519711370482583	0.5006795444968497	0.09028010837850911	0.1276521202264074	0.1407357662881253	0.1468320151469096	0.1199709661858937	0.1321750096159555	0.1210920122558894	0.1448088549765632	0.1346609673819982	0.1297029897921497	0.09893650610420326	0.120775285571162	0.09745737293403534	0.08634344455464123	0.1389541304135796	0.1426164312577711	0.61653241795421	0.1394300164877095	0.395994379266618	0.1685120901172627	0.14550758542279	0.09526194392482915	0.2976058033642803	0.1282597624203484	0.6529497575154315	0.1517872010321591	0.1430757921420898	0.09929573378080718	0.1140218290275139	0.1235447913758758	0.1319338366448231	0.1422051498594863	0.2609377010616616	0.09684072278048021	0.1208880410785292	0.09142010470895451	0.09782658451478281	0.1259744632087589	0.09437393245340525	0.1061741491549329	0.09012668317759795	0.1254534949203433	0.1338219863581364	0.09144120911229203	0.09688709750650826	0.1000762135527185	0.09407780058615353	0.1371453642804048	0.09732119110096393	0.3971284609539577	0.1547147615601218	0.1237283725874176	0.1031732478438876	0.1529494362330658	0.1419403716176854	0.1303889966985687	0.1088489797487256	0.09270156594442189	0.09549040251094638	0.1016394651263468	0.1057161356191467	0.1015379517177946	0.4717016446980161
SRR21280508	0.2116397248593099	0.153855961161845	0.1473902995476306	0.2295982473857818	0.07696009903170511	0	0.09266531582604942	0.09138492886749136	0.09297983484141077	0.1764744368931712	0.3205994658918002	0.0630076331914282	0.7697887135137957	0.1591267132451397	0.1619813584615641	0.4908116375691272	0.07531285132122675	0.1309256286849728	0.09180781992480878	0.1476918534903768	0.1277995638144507	0.1389036018522651	0.1304777432930642	0.1018903279079621	0.1480316245162335	0.101951620816881	0.1145658588884745	0.1264535115664681	0.1068626393178941	0.1043554589115707	0.1110874017439564	0.1455446770759959	0.6178970779826509	0.1519325669489331	0.4081951942486278	0.1783152491516727	0.1566042041867267	0.1010555504649194	0.2987957216771381	0.1339747726955621	0.6107693038928702	0.151608033671142	0.1543145314980617	0.1043301289587193	0.1269129555820372	0.1342344481361083	0.1504541332398024	0.141247012790419	0.2621262692985339	0.1170494756162488	0.1208030916605067	0.09239395274081712	0.1167112057353346	0.1255020360359601	0.09804478617612057	0.1198884679126342	0.09648068405330719	0.1331262282344411	0.1601951203335443	0.0949031624030538	0.1007267717536655	0.1011845802400889	0.100093180813117	0.1359414190652267	0.09816657598202769	0.3597007831544042	0.164722846448974	0.1237953486422459	0.111541550430802	0.1532969907441549	0.1444802055743322	0.1355137486279736	0.1119179524919582	0.09727011109911567	0.09864531443674446	0.1049239574113816	0.1078045493150203	0.1126998523719305	0.465418091365987
SRR21280509	0.1733446461263642	0.1945580972119818	0.1767058821923249	0.2424916562305821	0.1261577887085524	0.09266531582604942	0	0.1555342749041711	0.107582567016571	0.1915801789651706	0.308184164430203	0.1197697925256639	0.7895241812249109	0.186499920974186	0.2115783264149323	0.5166467570963527	0.06501018034403901	0.163123734087905	0.1299116226723497	0.1818866468771144	0.1346435621689699	0.1764980446918113	0.1078457827501634	0.1235344381243641	0.09126899307059121	0.0970313848149976	0.1283515722408419	0.1591305269281949	0.09593242681765284	0.1373264080559521	0.1177460091953651	0.1557554134773169	0.6351998931657233	0.1820316779392371	0.427743136409709	0.2104013438298618	0.1916879784343595	0.1059529952876847	0.3124729788586882	0.1606405126271198	0.6359767131235692	0.1528658735287977	0.1705522380128338	0.1081857319156107	0.1438780999729176	0.1421005463012183	0.1731131202329121	0.1775176252931049	0.2728497043610754	0.1508972292591476	0.1563268384350528	0.1249021856257012	0.1458415971234671	0.1617491487229019	0.1271209011630474	0.1555681525951433	0.1290709149746621	0.1632288636488527	0.191491772941534	0.1196886025714317	0.1243281222958379	0.1325795611078476	0.1147767482845947	0.174789450664946	0.1290388703642242	0.3892707469900423	0.2000898976091569	0.1583753451836173	0.1310610948840355	0.1930743373077055	0.1855926056902132	0.1764415584968329	0.1464531644478206	0.1272605037478899	0.1209802545709663	0.1277561388800021	0.1447101050416124	0.1450254091489869	0.4827778978575833
SRR21280510	0.2634849980452919	0.1180269849362356	0.2302291986284763	0.3008784852321765	0.07957025174068795	0.09138492886749136	0.1555342749041711	0	0.0895025998955674	0.2056144616440563	0.3912694364692187	0.04592308025645403	0.791323567733579	0.2311372926241782	0.1696464318366025	0.5019291658263225	0.1208485086878518	0.09509596513811822	0.1571903690696696	0.1188913864174418	0.09104442669229089	0.1012736187933402	0.09376038156913861	0.1654870449896677	0.11377305849115	0.1637136011337208	0.1053265461512296	0.1154335370055815	0.09152202612991561	0.09710623599781848	0.1699482697002264	0.1625418924893561	0.6449987134132549	0.1164776138866277	0.4260935993686502	0.1484763752015858	0.1442794629963505	0.1072304153316487	0.3195651058748173	0.1032329822371679	0.6752138790536881	0.1661023832364591	0.1482200977533168	0.08292576847257588	0.09758358991176745	0.1245043993759362	0.1661733519474956	0.1041500314678987	0.2690765881480083	0.08593661515182502	0.08574885004663671	0.05605651709994317	0.08680142831235291	0.08940446105155597	0.06346070931128543	0.08525343902546585	0.05939813808980358	0.09552350212591854	0.1508298765207125	0.05853630632440598	0.0666987160127132	0.06506513259364888	0.06533462658648453	0.0967273304908797	0.06232155586864445	0.4175647702934224	0.1481494442663916	0.08732075011059023	0.08989712698152214	0.1111390847236873	0.1126630018406465	0.09881462778300323	0.07264359649495718	0.06163517850577948	0.08060422891158797	0.07267887410560894	0.07584108258630115	0.09851610955575685	0.4895694835915566
SRR21280511	0.2011447832224634	0.1434064492837025	0.1852781236469977	0.2585019801338052	0.06834217318405768	0.09297983484141077	0.107582567016571	0.0895025998955674	0	0.182928811196948	0.3475993768910342	0.08744894128289052	0.78204197748	0.1908251362921742	0.1713002282101873	0.4974691224976799	0.08610956046848739	0.1178692819595116	0.1603815422576196	0.140263648177809	0.08531689450690899	0.1291731640866818	0.08389023120805796	0.1592387517274759	0.09696420253277438	0.1283328063354904	0.09422124979550234	0.1280152507930843	0.06825956092165346	0.09966332758449216	0.1418997199144671	0.1324442721670606	0.6227757261276785	0.1279529938128266	0.4071037661478395	0.1579467360422316	0.1422765907665011	0.09075606601525671	0.3023820682766913	0.1153043965152742	0.6734896690156555	0.1415028089312067	0.1247768395704575	0.08480561557958073	0.09261159709007415	0.1049417072506215	0.1480385773680044	0.1330642843962023	0.2497522544893731	0.1020848971520586	0.1106923599800571	0.07887040956563302	0.101269342837674	0.1164023523641456	0.08160034313118912	0.1107361605677315	0.08227076554910562	0.1182219027124179	0.1435227875915475	0.07401979856084871	0.07754698717868613	0.0872784792963744	0.05904825405980432	0.129523184995033	0.08351590964185153	0.4114519169722125	0.1495809051028838	0.1137467590054059	0.09035045867102165	0.1455303383795599	0.1343813431663522	0.1285552315861311	0.09672930243452166	0.07690575444081771	0.08529149579565606	0.08155211056702155	0.09554506492296445	0.1019070678111451	0.4818663149209198
SRR21280512	0.2011672609259424	0.1602059316644364	0.2077733147994316	0.286978702381294	0.1775203838099414	0.1764744368931712	0.1915801789651706	0.2056144616440563	0.182928811196948	0	0.4083852522887194	0.1861831224803718	0.715847478070905	0.1622410541891581	0.1481882812238996	0.3939114893394369	0.1858333306215568	0.1346782272210516	0.1353442951139157	0.1469162550019504	0.1577200627970148	0.1416846599861165	0.1844391461222352	0.1465481799308589	0.2154385083221578	0.1482812662446054	0.1487857537139651	0.1312186499056253	0.1771365762758478	0.1306754521412869	0.1417089997626455	0.1310342762227678	0.5359336981257283	0.1361964046554036	0.428406142936313	0.1215877726805465	0.1307386336707941	0.1741401291652533	0.2079359749048553	0.1333622041447057	0.6926291516526777	0.1125453228259907	0.0888877020011344	0.1821365854841157	0.1432887428650941	0.1495288768958916	0.1431061411729171	0.1471099678784106	0.182901047944313	0.1499603778153572	0.1369998547342021	0.1764210202377187	0.1749930619067259	0.1327220616533027	0.1675901973556996	0.1462832946906283	0.1687578086947705	0.1361543548021747	0.1070925078849374	0.1770331929886723	0.1725286359729659	0.1632080282630002	0.1840369870175573	0.1406214159023967	0.1681424354356636	0.2791676424706792	0.08911671517327062	0.1365476993323671	0.1475722573152359	0.1583487315756967	0.1506491411830486	0.1423082046000158	0.1539237656526173	0.1676138805717462	0.15720278312137	0.1692956918676581	0.1490402756500478	0.1397297978322895	0.4731464664664838
SRR21280513	0.3873680916911403	0.4251806209578836	0.2928578327719359	0.2219786137766903	0.3480876552341392	0.3205994658918002	0.308184164430203	0.3912694364692187	0.3475993768910342	0.4083852522887194	0	0.3526902705644649	0.8659906461360583	0.3599640571615463	0.4211795303229109	0.6259221263257883	0.3144263706845446	0.3957940638182648	0.3504298367853357	0.416762824757932	0.3744394301861494	0.407606179639004	0.3689745281577878	0.3059154440215965	0.3781487400128295	0.320687768799264	0.3613652893765211	0.3897269287854238	0.3547464332622556	0.3679457155072925	0.3412673091984673	0.3889495247235166	0.7118348156549278	0.4133437048395885	0.6153476513390526	0.4428799689512659	0.4226108745705591	0.3529577752576986	0.4967837885646591	0.3931410709205493	0.509403885326098	0.3922441379130351	0.4002654339263964	0.3565781166136845	0.380101743222193	0.3861147921021141	0.4022012694314359	0.4110039256445435	0.4756158191226563	0.3815252810597697	0.3889892783016928	0.3590403160994238	0.3726155619932683	0.394316981508867	0.3597768339730024	0.384579271123715	0.3618666636445255	0.3942360882905576	0.4164751037335357	0.3540888134039921	0.3570892827756084	0.3652554101356502	0.3539219199931331	0.4073097886427057	0.3617949951638719	0.5153517572099632	0.4309202216328691	0.3908530462931816	0.3630557805583011	0.4239910149953356	0.4164959318935683	0.4069992885570761	0.3803243837897679	0.3613943437278017	0.355475306255413	0.3629818631846926	0.3757145991467281	0.3779214335797588	0.6151469970785864
SRR21280515	0.2265000798301111	0.1410145787106432	0.1893607302294601	0.2601293406031252	0.04901367522160991	0.0630076331914282	0.1197697925256639	0.04592308025645403	0.08744894128289052	0.1861831224803718	0.3526902705644649	0	0.7809878627973241	0.191340237883776	0.1579505375706129	0.5017871299106078	0.08550426420678937	0.1123466584808128	0.1242558517978187	0.1330275066610983	0.1084674843319876	0.1219859996325268	0.108912501909371	0.131507217160007	0.127595713018319	0.1228093497324704	0.09463962291318798	0.1070125663069289	0.08665691319587024	0.07949880370950387	0.1332096692222992	0.1499359592685135	0.6328997966568053	0.1349707868688023	0.4087047763657515	0.16249073260559	0.145437398017958	0.09268429499486658	0.3014929427944105	0.1186398901204553	0.6442174105929046	0.1551384779574432	0.1448598671528881	0.08848713557978309	0.110834303099917	0.127675110665962	0.1530666818653247	0.1267069613055047	0.2653023552206019	0.1011799910350761	0.1057797820331383	0.07731146029818195	0.1002115199828732	0.1107157466998391	0.08325041767517755	0.1046978181550556	0.08116240892002249	0.1172270000333833	0.1522710416952867	0.07760880162552686	0.08459494389702785	0.08547977070615798	0.08299807563527956	0.121241154145627	0.08329672723834836	0.3923959876952192	0.1551677795195143	0.1091086629721913	0.09453467524053161	0.1388158190908366	0.131960638268446	0.1216470409215133	0.09504802470950532	0.07885340681571729	0.08225139673826215	0.08781996576866391	0.09435815585166735	0.100950383077737	0.472601171889329
SRR21280516	0.6653372521894958	0.8168574176348303	0.7620879322600161	0.788588965747488	0.7742792062006794	0.7697887135137957	0.7895241812249109	0.791323567733579	0.78204197748	0.715847478070905	0.8659906461360583	0.7809878627973241	0	0.6898988850960128	0.7165010248732947	0.3531050043820937	0.7707571770269227	0.8059639871991785	0.7973168160394866	0.815553893190493	0.8071107136678696	0.8087006896043684	0.8046824161426125	0.7989355008542139	0.8079717422565681	0.785719868911458	0.8014369627509674	0.8037352032390739	0.791967503346762	0.7951852983352773	0.7865144533717429	0.7167648814426639	0.4760824210861792	0.7997544756280884	0.9804180445431463	0.7811475993718531	0.7812113283514839	0.7618436220004583	0.5607348870426585	0.7985649329727347	0.997190377144912	0.6816685836885499	0.7467207430821002	0.7688345663229061	0.7750351318053301	0.7327374480094543	0.7371136311222241	0.8164936479100815	0.5789254205889266	0.7984025339671037	0.7947586188673423	0.7636626386157623	0.7886925366026442	0.7978521100366958	0.7688409098160255	0.794983584835852	0.7715300634346639	0.8007084695390012	0.7594454372284331	0.7673908389962847	0.7728203540321221	0.7758295476339253	0.7874768240494632	0.8059392355926667	0.772651733203484	0.4831868243140349	0.7510144554798617	0.7943228073822651	0.783799980557019	0.8187827604042437	0.8153316527767074	0.8068494750837847	0.7910830766997781	0.7812695221591627	0.7699865243099102	0.7771397946288091	0.780718508979044	0.742264925738001	0.7416307971570877
SRR21280517	0.1834832273135174	0.2656042195158104	0.1291035286507699	0.2290840015203157	0.1844540325726587	0.1591267132451397	0.186499920974186	0.2311372926241782	0.1908251362921742	0.1622410541891581	0.3599640571615463	0.191340237883776	0.6898988850960128	0	0.1706243414648022	0.4316841510519658	0.1731320869778922	0.2435615160546574	0.2007648053455496	0.2614627209639815	0.2361798645941671	0.2477327972855784	0.2366851530348507	0.1988006090950475	0.2505618916005271	0.1848805231809886	0.2214816665380133	0.2376754940073874	0.2135616476749527	0.2094453398924501	0.1739391290049935	0.1634564858604717	0.5356677207460984	0.2454427050750374	0.4386846322921744	0.2386655781749116	0.2291499856070246	0.2029874465900501	0.2574105495316935	0.2397752952898324	0.6393894640202236	0.1531938981557144	0.1822020305906467	0.2110598888153037	0.2147151618789201	0.1747401558594518	0.1726228024427118	0.2566975673578688	0.2148727884182372	0.2223459553891892	0.2315717185768798	0.2070500628834266	0.2196866491616699	0.2371267849395517	0.2036008375200897	0.2279556481562532	0.2009553939963402	0.2390233780247423	0.1949875074707574	0.2069496519398458	0.20622317330565	0.2108001198221084	0.2076400362339201	0.2505207840826523	0.2074117177978657	0.299824048623565	0.207870067805322	0.2345579250659752	0.2142692874707608	0.2696673150411429	0.259586077539836	0.2471569147540912	0.2213212485827642	0.2057106606423527	0.2048104435705873	0.2114750523412584	0.2159378203874713	0.1713790180291476	0.4735627192268093
SRR21280518	0.206445828875346	0.246969485309059	0.2159729164583478	0.3005609394866358	0.1519711370482583	0.1619813584615641	0.2115783264149323	0.1696464318366025	0.1713002282101873	0.1481882812238996	0.4211795303229109	0.1579505375706129	0.7165010248732947	0.1706243414648022	0	0.4295616655042421	0.1932860345123637	0.2204723749454602	0.2247438864021352	0.2356914740589126	0.2109210955320512	0.223812152128144	0.2159485865441715	0.2227132772558438	0.2301232427475081	0.2173855648015748	0.2089997078346043	0.2231491011054781	0.1982936577053032	0.1962363902117058	0.1925418862801076	0.1450848247929388	0.5653519174834718	0.224034178919151	0.4482236504717046	0.209146131466844	0.2228081387258336	0.182431916235864	0.2705706810869646	0.2202373807463445	0.6832359237382586	0.1238112337477422	0.1637878316330806	0.193461465774953	0.1985867648745239	0.1643862551809889	0.1720368681759614	0.230742723108826	0.2118250253725539	0.2018441939476175	0.2117859822142887	0.1862149958426985	0.2015235128731538	0.217713398668799	0.1858572300828531	0.2100945280418627	0.1829976487281701	0.2216230436771129	0.1825443503340543	0.1852842433052991	0.189719815420105	0.1914118380902817	0.1868180505935028	0.2278409521889442	0.1889303271672881	0.3404558356259655	0.1787020157896672	0.2164522227408165	0.1997627741344777	0.2452417326740748	0.2362022050535547	0.2242342614142587	0.2010949484530108	0.1848773751650599	0.192151901470269	0.1938000064777554	0.2006725941537617	0.1717568304699777	0.492568123949264
SRR21280588	0.4109222545136414	0.4897709916605486	0.4976968669555734	0.543189791996628	0.5006795444968497	0.4908116375691272	0.5166467570963527	0.5019291658263225	0.4974691224976799	0.3939114893394369	0.6259221263257883	0.5017871299106078	0.3531050043820937	0.4316841510519658	0.4295616655042421	0	0.5007904937172368	0.4685587843487213	0.4798601254988877	0.4831400934698036	0.4705144765967581	0.4712381449680848	0.4826904531382095	0.4760536775862482	0.5144766684054206	0.4728174174469049	0.4755577033530841	0.4796412568123323	0.4873946492413777	0.4729299330823844	0.4654487069447745	0.4359714053688433	0.3707184535498803	0.4655792110186528	0.719819515626733	0.4485776213945817	0.4612237558628927	0.4855940138982905	0.2520095580688128	0.4671239544782141	0.8782734141163707	0.3986489572495225	0.4129675043785029	0.4833978777674189	0.4404062975024492	0.4430282812369393	0.4328973384842834	0.4795052731418364	0.2695002819872535	0.463502844464406	0.4571503594719954	0.4706511805391408	0.4735069244391079	0.4607498720745979	0.4630971455960481	0.4601158953844557	0.4641193744678236	0.4671671011386082	0.4288822398902196	0.4737279335682762	0.4691392688968865	0.4587531653468405	0.4834550484652458	0.4685908253441928	0.4636829936190273	0.1720336691441376	0.4188460956437244	0.4592275089759486	0.4560867564792641	0.4854529917148187	0.4829384031601808	0.4713949354979603	0.4535422070282022	0.4670087453516729	0.4629585775108321	0.4649553364236392	0.447848497768893	0.441044292987112	0.5906786799284341
SRR21280622	0.1667246851343711	0.1613061678391141	0.1775622677699024	0.2420581889518816	0.09028010837850911	0.07531285132122675	0.06501018034403901	0.1208485086878518	0.08610956046848739	0.1858333306215568	0.3144263706845446	0.08550426420678937	0.7707571770269227	0.1731320869778922	0.1932860345123637	0.5007904937172368	0	0.1291977885036437	0.1139229143621429	0.1504039726936927	0.1054747577780107	0.1415309082250759	0.08363334504718813	0.1116305445648362	0.09952349059644086	0.07234838548599971	0.09199955746467411	0.1244789097583061	0.07117180549201914	0.100720286327285	0.1074321996558362	0.1319616251276714	0.6298770736222745	0.1500130696950416	0.406058732281418	0.1819959907367003	0.1579367726412358	0.07640611437283377	0.2866804981409996	0.12471644778912	0.6331057459117009	0.1337490134730507	0.1388729094638909	0.07946789427652458	0.1097949002232816	0.1139221582114791	0.1452368322877061	0.1456533145899677	0.2498187076427908	0.1124199137407745	0.1208652853820451	0.08981606275614523	0.1113826302783214	0.126607512285438	0.09172922092774738	0.1201412042770507	0.09329438779857142	0.128202213619744	0.1573605380575038	0.08517105925734569	0.08870138675596405	0.09843433894841658	0.07898760517211455	0.1396462460432683	0.09360741215598779	0.3784370449005698	0.168369078737148	0.1230600386343058	0.09599904552237672	0.16034830208336	0.1535112856112469	0.139597688559483	0.108806455435641	0.08887743573095445	0.08453427386846292	0.09241062949827601	0.1081312092820217	0.1128296592524202	0.467757865619812
SRR21280623	0.2696764646602866	0.044638515169655	0.2506230720703161	0.314856175489778	0.1276521202264074	0.1309256286849728	0.163123734087905	0.09509596513811822	0.1178692819595116	0.1346782272210516	0.3957940638182648	0.1123466584808128	0.8059639871991785	0.2435615160546574	0.2204723749454602	0.4685587843487213	0.1291977885036437	0	0.07631252769132563	0.03834171656579856	0.03975955280996934	0.01975830938535325	0.06500261559227843	0.09935743234131569	0.1042041253426105	0.1069558522248771	0.05427809373183497	0.02897518237637845	0.08112271804861788	0.04738181324779459	0.1328788176161173	0.1616272755078621	0.6488204349290595	0.03595517719317651	0.4277935259948732	0.07343894640169989	0.06490299933476412	0.109885361330954	0.2846365902942889	0.02183081974830758	0.6899881841733049	0.1672687104721307	0.08628847014894461	0.07970810671123857	0.05512434668510378	0.1212326701536326	0.1467516269484673	0.02094785196109027	0.2531198568385399	0.0441476600827409	0.01627048210785793	0.05779780306597176	0.07236190750886223	0.01369727006234727	0.051001656381313	0.03219757908680138	0.05328862570296581	0.02250644943563501	0.09127806538550963	0.05692638473141598	0.05335628429557284	0.04388347162075352	0.06434298778286231	0.01462427694718724	0.04965543576821212	0.3665989215173627	0.07021373065257347	0.01998804663779398	0.04431251951715619	0.03475556892433139	0.03539047384098164	0.02071967836316501	0.03804111475965177	0.04670347302169524	0.05547954320453875	0.05091704915743142	0.03601730377728576	0.08842247573052543	0.4949429280939037
SRR21280624	0.2386231451800956	0.0933684818579395	0.1994955109938938	0.268811343645896	0.1407357662881253	0.09180781992480878	0.1299116226723497	0.1571903690696696	0.1603815422576196	0.1353442951139157	0.3504298367853357	0.1242558517978187	0.7973168160394866	0.2007648053455496	0.2247438864021352	0.4798601254988877	0.1139229143621429	0.07631252769132563	0	0.08839252356686947	0.1096700036946255	0.07571180847865423	0.1385744698783626	0.0646085196506377	0.1696118756871106	0.07002217235239079	0.09689698113193303	0.0657644562486642	0.1287538826315307	0.08068076649426277	0.103209235688745	0.1656821816851922	0.6335140742191269	0.08595337644230963	0.4204169520693874	0.1172219987311951	0.09191868660382253	0.1300340722515843	0.2756800577908619	0.07175301481892435	0.6306423211334772	0.1786680205196415	0.1203447917095705	0.1270567904827236	0.1068093815173517	0.1512121829815282	0.1526117541036302	0.08576786260792835	0.2655197127064908	0.1026381742058521	0.08271594480874947	0.1202954578751841	0.1284045569809627	0.07681205739189699	0.1152872042005423	0.0916797244880832	0.1167933987731997	0.07744754383879757	0.1227130084103337	0.1245289183005824	0.1197694517248251	0.1088278291436663	0.1353679050114319	0.07394128313007475	0.1141504837786142	0.3287027577411966	0.1051587590677198	0.07976742876942876	0.0975701806300113	0.09182277324085393	0.08701585516095131	0.07505443364071936	0.1013635876468008	0.1173750787245663	0.1025036464086954	0.1180209844241421	0.09440594166655679	0.1245100124736552	0.4884807969474693
SRR21280625	0.2910336538123798	0.02567798049432498	0.2675478966586977	0.3364101021434426	0.1468320151469096	0.1476918534903768	0.1818866468771144	0.1188913864174418	0.140263648177809	0.1469162550019504	0.416762824757932	0.1330275066610983	0.815553893190493	0.2614627209639815	0.2356914740589126	0.4831400934698036	0.1504039726936927	0.03834171656579856	0.08839252356686947	0	0.07393304317835478	0.03719879279360769	0.1014499545395081	0.1235617123930377	0.1307685542305958	0.1257441906118541	0.07859347259679933	0.03190196482766013	0.1052323685837431	0.06902896810262858	0.1508385725462406	0.1789204249537202	0.6544754771336246	0.03006197142678882	0.4419415709607382	0.05086178595776177	0.04832717857538626	0.1238870188453855	0.2981432472120176	0.04257850472100033	0.7008368407783042	0.1838263242903061	0.1055251099862536	0.1005251683487134	0.07281232572725758	0.140904738057642	0.1634854268067975	0.02204453014539214	0.2683644387942385	0.06482030114288691	0.0484189799131357	0.08822055083566803	0.09192029970089688	0.04445186317628305	0.08167826240283578	0.05959449740049179	0.08466049177216364	0.04685547169020327	0.1075246743283942	0.09163622794228435	0.0870348018840055	0.07673099051312261	0.1009159914670481	0.03164384987700365	0.08235553857820246	0.376708698383552	0.07666711021851419	0.04800474795934804	0.06852481292986554	0.02195392833989028	0.02055022809007803	0.03795826510877784	0.07018510999281238	0.08326316890027914	0.07841523744095107	0.0836388361500856	0.06306456539211804	0.1037235087390223	0.5042206815584116
SRR21280626	0.2400815556715626	0.08000866916596321	0.2421543073285687	0.3049861756422605	0.1199709661858937	0.1277995638144507	0.1346435621689699	0.09104442669229089	0.08531689450690899	0.1577200627970148	0.3744394301861494	0.1084674843319876	0.8071107136678696	0.2361798645941671	0.2109210955320512	0.4705144765967581	0.1054747577780107	0.03975955280996934	0.1096700036946255	0.07393304317835478	0	0.0550804376194418	0.03836824072702143	0.1042547527800476	0.08042327483810123	0.09153023848073052	0.02942630287452552	0.06402459072878135	0.04833448620386594	0.05162154825551087	0.1135800404495638	0.1566355838739105	0.6497112978904254	0.07046529611449626	0.4269604577785653	0.1088879474130234	0.09974820991417527	0.1049660840993021	0.2807717973329092	0.04827887005457721	0.6909859735907653	0.162638067925596	0.08638571362121332	0.07506271278436671	0.04997323503379739	0.1167445535083651	0.1422932364259205	0.05584993411927985	0.2483281152643965	0.03819958123936095	0.03394298181381369	0.05925887472219157	0.06897084223852845	0.0400534690812283	0.05161028955028581	0.03742293322571826	0.05197830012203589	0.04412585682972696	0.1031756816843312	0.05441749658263885	0.0487974371914528	0.04465003607085284	0.03534693689862866	0.05306133739987739	0.04800822699231398	0.3745224049520273	0.1069906754917161	0.03688323673053504	0.03595898359399093	0.07146355598837731	0.07018423485719869	0.05608665759043159	0.0306552302166295	0.03816161422494081	0.04995401475181657	0.04757183205303235	0.03868896044868878	0.09341811953822339	0.4967929223987612
SRR21280627	0.2820980312227236	0.04069796844509187	0.2549138568502983	0.3215832763535427	0.1321750096159555	0.1389036018522651	0.1764980446918113	0.1012736187933402	0.1291731640866818	0.1416846599861165	0.407606179639004	0.1219859996325268	0.8087006896043684	0.2477327972855784	0.223812152128144	0.4712381449680848	0.1415309082250759	0.01975830938535325	0.07571180847865423	0.03719879279360769	0.0550804376194418	0	0.08281155322999569	0.1146609248638116	0.115656220713087	0.1204650903725139	0.06422845676674049	0.03401013465922335	0.0963027903606931	0.06148864004680224	0.1449965551223371	0.1652365134520934	0.6460066965938611	0.02883500955556322	0.4272696394574506	0.06766422618516826	0.06020750706881216	0.1147190181134272	0.2846779981292458	0.0254265448176037	0.6927248866184954	0.172378866992857	0.0935278101289012	0.08843824799177351	0.05758610578041672	0.1249747884636879	0.1437605864777996	0.02510179078996203	0.2537455932401278	0.04497072713740614	0.02699017018626821	0.06558833836954145	0.07033420831105337	0.02110092174420967	0.06045523519121335	0.0327648464569659	0.05724275490309459	0.01995160240350772	0.08809810520554404	0.06919115174265771	0.06477022588239391	0.05378034899373545	0.07998877547560426	0.01253059747841072	0.05792083062513155	0.3696296879394185	0.06642293457470209	0.02598008759452763	0.05482812356423334	0.03291240454558148	0.0333432368574802	0.01060924854496249	0.04291489976061467	0.06167086939038868	0.06574483501116637	0.06291430152127969	0.04238521427103519	0.09287377630493296	0.4973488128595204
SRR21280628	0.2237372740934776	0.1081365685576552	0.2425442746468143	0.304557133714277	0.1210920122558894	0.1304777432930642	0.1078457827501634	0.09376038156913861	0.08389023120805796	0.1844391461222352	0.3689745281577878	0.108912501909371	0.8046824161426125	0.2366851530348507	0.2159485865441715	0.4826904531382095	0.08363334504718813	0.06500261559227843	0.1385744698783626	0.1014499545395081	0.03836824072702143	0.08281155322999569	0	0.1284638934655938	0.05158063905818568	0.1048936046646227	0.05615086296491631	0.09067870685203286	0.03597147423694545	0.08263463046901638	0.1367936896278536	0.147015534520448	0.6476008811697718	0.0979889768462453	0.4245275103621182	0.136922822246187	0.1280465953542203	0.09247161387196498	0.2937090966105835	0.07598122295464942	0.6887066131567395	0.1501164540561001	0.1138328465217788	0.06230922412785653	0.06105740774771668	0.1042060170436819	0.1399293663595854	0.08266414115384836	0.2413570191379464	0.0650649464046197	0.05998536612350166	0.05739550769797251	0.0691108983392231	0.06592148200515688	0.05016672496202863	0.06518885923046749	0.05094576673794733	0.07164976748099276	0.1314578247128383	0.05243179077576539	0.04639623129993761	0.04299457414480687	0.03604386917509747	0.07892935054380601	0.04600052332934365	0.3998199665260444	0.1344963601301866	0.06345818950139054	0.05116353121306318	0.09825428301893116	0.09848374641952921	0.08367714758887219	0.05024762680651031	0.03919082635778545	0.04782671793479008	0.0430479277365226	0.0537799617128904	0.09359273481072586	0.4934952611807807
SRR21280630	0.2382238371935616	0.1348499987190011	0.1669401501101866	0.2282463938795702	0.1448088549765632	0.1018903279079621	0.1235344381243641	0.1654870449896677	0.1592387517274759	0.1465481799308589	0.3059154440215965	0.131507217160007	0.7989355008542139	0.1988006090950475	0.2227132772558438	0.4760536775862482	0.1116305445648362	0.09935743234131569	0.0646085196506377	0.1235617123930377	0.1042547527800476	0.1146609248638116	0.1284638934655938	0	0.1705193963751688	0.07122104383906197	0.08674250435719565	0.09467492830104801	0.1210690945984193	0.0808835406273789	0.0904140818593883	0.1806834285279365	0.6435062062431434	0.1265593642934507	0.4449337195860278	0.1569425207946113	0.1377422209037492	0.1428301418397378	0.2877122534072384	0.1047556766614486	0.6097848479366366	0.1849778094830068	0.1274753163314313	0.1386604308507342	0.1219599386636164	0.1737548689047506	0.1693795481461481	0.1160624815118518	0.2741089348343083	0.1091673413501586	0.09789521988026723	0.1346757837954089	0.1390528336325038	0.1003353367728409	0.1270473618749721	0.1048243195452217	0.1262226558958425	0.1044179242369377	0.1431394673570148	0.1320072168630241	0.1269621996875769	0.1200334950993582	0.1322322149865351	0.1134832405281397	0.1248032174285274	0.3255223074442096	0.1460175212585245	0.0972198263617538	0.1008821057558557	0.1314266816380509	0.1238489877771627	0.1152591543256589	0.1097951283979364	0.1184789983554755	0.1090549039824314	0.1248070160187348	0.1082225395457362	0.1422752094602066	0.5016780214538001
SRR21280631	0.2303801442907538	0.13885434177637	0.2550597018913765	0.3180257582520188	0.1346609673819982	0.1480316245162335	0.09126899307059121	0.11377305849115	0.09696420253277438	0.2154385083221578	0.3781487400128295	0.127595713018319	0.8079717422565681	0.2505618916005271	0.2301232427475081	0.5144766684054206	0.09952349059644086	0.1042041253426105	0.1696118756871106	0.1307685542305958	0.08042327483810123	0.115656220713087	0.05158063905818568	0.1705193963751688	0	0.139391117472116	0.09864923974094601	0.126667021944058	0.0649323847449598	0.1219879816983004	0.1728376139791351	0.1566590575765734	0.6502385510086567	0.1284560880739269	0.4293768532414973	0.1662243714925223	0.1579138788571186	0.09742304683586669	0.3240546273410786	0.1074447428860489	0.6924801277613361	0.1549616136567776	0.1476396430574906	0.06417890857316673	0.09220938182945332	0.1102830542194211	0.1664661816101537	0.120234968303994	0.264268237972037	0.09984298268162428	0.0967848575155226	0.07224810277024235	0.09304825159706739	0.1022132838052446	0.06931766010745925	0.09979520357575331	0.07427890791962485	0.1028754091764528	0.1599202678777928	0.06835606862720262	0.0651881481101087	0.0761084636407053	0.06059752912124583	0.1157280973693246	0.07193556022518795	0.4298110934551753	0.165291779535533	0.09880007452825551	0.08229134843335535	0.1320785218343134	0.1318511109056258	0.1168913347763335	0.09361230918124672	0.07438531171823123	0.0781568009025798	0.06755010722509015	0.08877040186217494	0.1153252850812221	0.4987222135061688
