	SRR21280467	SRR21280470	SRR21280471	SRR21280472	SRR21280473	SRR21280476	SRR21280531	SRR21280536	SRR21280678	SRR21280682	SRR21280683	SRR21280684	SRR21280685	SRR21280718	SRR21280719	SRR21280730	SRR21280741	SRR21280788	SRR21280789	SRR21280792	SRR21280795	SRR21280798	SRR21280800	SRR21280801	SRR21280847	SRR21280848	SRR21280897	SRR21280898	SRR21280902	SRR21280903	SRR21280909	SRR21280910	SRR21280949	SRR21280952	SRR21280954	SRR21280955	SRR21280956	SRR21280958	SRR21280960	SRR21280962	SRR21281007	SRR21281018	SRR21281022	SRR21281023	SRR21281024	SRR21281045	SRR21281047	SRR21281049	SRR21281050	SRR21281052	SRR21281054	SRR21281056	SRR21281057	SRR21281058	SRR21281068	SRR21281069	SRR21281071	SRR21281079	SRR21281083	SRR21281084	SRR21281085	SRR21281109	SRR21281157	SRR21281184	SRR21281185	SRR21281188	SRR21281190	SRR21281191	SRR21281194	SRR21281219	SRR21281221
SRR21280467	0	0.3267104822253623	0.5972473843808096	0.3144343481174554	0.3795235148512965	0.5344658213121307	0.4653463580515758	0.5564776354385148	0.4932297869274668	0.3668098300574387	0.5163190475954359	0.3632900868768781	0.5051550855798012	0.3908851566783436	0.3806252225900335	0.4706339723948705	0.5616982981396516	0.3838076208025404	0.1783310120335093	0.3105469639466172	0.3895240429791311	0.1791897414997046	0.4384366796373354	0.5336122950637544	0.5286144571773643	0.6092273769777	0.5571610970176536	0.3544431580881063	0.5503078161664395	0.4744064476898017	0.5565048298017579	0.3569229772443535	0.4313805457326436	0.3863717613495366	0.4542747314540979	0.5834964902068097	0.6188677614884024	0.1697832425315462	0.5471714872843281	0.3883525769592462	0.321931168336784	0.3452914602548591	0.3516258369599293	0.4329313419665493	0.2404133150765611	0.5552729709408695	0.4312733814097967	0.3688957567037592	0.4717781215233133	0.4953657139253362	0.3786566107632569	0.4269096700995109	0.4130033922728341	0.5096683401676509	0.7022979382994272	0.7004095026082542	0.5512712198351067	0.5710384511289375	0.5732671864041543	0.5680774857466513	0.5347955913290933	0.4764615980290851	0.5604842777216068	0.5224666307676468	0.6057851029431782	0.08349345246455571	0.3245863830269541	0.236946765888056	0.3043691361597736	0.4338163362083167	0.360340005385572
SRR21280470	0.3267104822253623	0	0.5766632337392197	0.3780019793842855	0.4394472422961255	0.4808007347827278	0.541603294116321	0.5465663776361284	0.4409208216725193	0.4751655542060387	0.5503538776584153	0.4131591612266113	0.3890553346880455	0.5488816606517843	0.4338663893256227	0.5990914422353831	0.591175926579024	0.4335743881174531	0.3994758150562671	0.4806314684150687	0.4419706278236837	0.3373184666249673	0.4830284054556623	0.5997390409301248	0.4660567219174704	0.594146919714871	0.5894678825278508	0.4170034440032934	0.5802270012351857	0.4203119567266208	0.6016897665485259	0.5274483769033153	0.5229304536600453	0.4317299749876614	0.539370688359026	0.6817910827577126	0.6465837753130417	0.2612740190154195	0.5311743808447656	0.4315430440062513	0.4873111776213151	0.4806410448799179	0.5054806553925275	0.4974866719427406	0.4377010034429901	0.5081243728563549	0.4702157445350297	0.4167179155670976	0.5166335549577925	0.5354136887076469	0.4231796624435961	0.4731143194144453	0.455008860213896	0.5434711344780687	0.6432513671709479	0.7365662830978353	0.6566407701554466	0.6701317176121723	0.6584149150716759	0.5957927893045901	0.6440605116830056	0.5337070177130271	0.5185439399953544	0.6366879947953056	0.6393550545230858	0.3447663959049374	0.486956792821404	0.4481928720542904	0.4740093801189937	0.4724374592544557	0.4072239285210353
SRR21280471	0.5972473843808096	0.5766632337392197	0	0.524494183214021	0.4424679186537063	0.560597888844508	0.499489275886401	0.5367849350556663	0.4370150914695798	0.4587051080133701	0.4459983193770825	0.5955877810083394	0.6148690858126203	0.514617434749549	0.4369612057581207	0.451057096413295	0.4684226258358526	0.438727480895946	0.5809305862579467	0.6142489196920465	0.595121697202847	0.5999245887764275	0.4722831446583661	0.6093653552686118	0.6161719519947195	0.4167062759964295	0.5590444827831851	0.4708063398952258	0.4635992795604205	0.4095058256179954	0.5622602085415107	0.4902514464062873	0.4603542592073582	0.4371863064735338	0.5154804867542908	0.5283258914734746	0.534240285929267	0.5764954521352412	0.424764756511288	0.436398817992008	0.4689128748369507	0.4595202670723865	0.5394944819855292	0.5160145546324446	0.6065260019515414	0.4923961546027677	0.5790555109882011	0.5712595565175204	0.451140195856868	0.4388496465756402	0.4301296157522698	0.5806752532189349	0.5865194962615194	0.4709804525275007	0.5381554236841543	0.6304317715298754	0.5355322571445676	0.5176997793330861	0.5606218682125363	0.436202487359652	0.4778316917511919	0.4654634100624101	0.4359244454991089	0.5435667907544096	0.5695964368984899	0.6013872168171803	0.6266828929947379	0.6540502220355497	0.4622709840440584	0.5764220342196662	0.5854076551907353
SRR21280472	0.3144343481174554	0.3780019793842855	0.524494183214021	0	0.4338714937967548	0.6457715900712717	0.5313509569128216	0.5659990756872192	0.5202328446639504	0.4741491271841175	0.5318278046995285	0.3768199955817839	0.5796304641596124	0.5450659678299458	0.4211593541658112	0.6025835600062692	0.5413237891095468	0.4192798363997819	0.382226440258825	0.4826821660821684	0.4091825015765612	0.336058443775717	0.4720669447515448	0.5958013335107313	0.5904940135080305	0.6840928694381609	0.6455449069058787	0.3907589882164784	0.5652242725020477	0.5114168922809359	0.6559379681116242	0.529372887443504	0.512780329467261	0.4082134989998056	0.5392703138928476	0.609007109790039	0.6488369796064704	0.2293222357577824	0.6374574288555588	0.4136621258668074	0.4867322641817781	0.4798283483297328	0.4961085945561327	0.5750276889741835	0.4181572078171877	0.5783494238519825	0.4408312637481018	0.3843256150480288	0.5022287835458223	0.5261843458269685	0.4042549697511801	0.450342925533775	0.4243392243047528	0.5347108339656859	0.7465818436435581	0.735523791819457	0.6514031874371182	0.6654877855787155	0.6466059191932702	0.5809921112488712	0.6408612737022829	0.5998643940951012	0.588782371899331	0.6305383742759649	0.688557468038388	0.3297462317023711	0.4722123778139317	0.4295473678722582	0.4582600899320598	0.4429441257726041	0.3905659561051334
SRR21280473	0.3795235148512965	0.4394472422961255	0.4424679186537063	0.4338714937967548	0	0.473288389736269	0.3797490170539707	0.6330476196512398	0.3722762979872877	0.1962546190114133	0.3262144807736075	0.4641207300531649	0.6108121555325872	0.3143972778526468	0.2378737908545343	0.4061095489302304	0.3930622710095269	0.1362120620756479	0.440073525351619	0.5118149698161768	0.4784530334548441	0.3901252241913424	0.218512838361088	0.5794797855900983	0.5730704881996667	0.5434819596408459	0.5344126957672206	0.2062715332642472	0.374337361246745	0.2647514799304795	0.5482775702413558	0.288147423450167	0.27951913965811	0.1307731491751448	0.3786095015636795	0.5275128626421262	0.5676961373947904	0.3293359766097611	0.4726152434150667	0.133170115510098	0.2182525437863742	0.2049612076552251	0.334552486955919	0.4285166479469393	0.4694601110610229	0.4504340484851443	0.5109600908726409	0.4256985374985342	0.274831006500386	0.3118427597486739	0.1229881934398524	0.5115994821106934	0.4585442511414738	0.3182675162386686	0.6359069901970008	0.6210648816749317	0.4932752507632012	0.5159865700287125	0.5000830435425218	0.4025035991063762	0.4785434349496543	0.4156280446332057	0.395459868929079	0.5147898613245693	0.5920578248793823	0.3902123307739269	0.5181926860197144	0.4860781545605949	0.193116139695366	0.5154348841038335	0.464741367588572
SRR21280476	0.5344658213121307	0.4808007347827278	0.560597888844508	0.6457715900712717	0.473288389736269	0	0.5621647555403305	0.5499411781789921	0.5177113111905591	0.4320864642820656	0.5497801053199065	0.655696637840545	0.4954993551154937	0.4057498605982433	0.5239660257949291	0.4898754896070533	0.5440613002958894	0.4760802333285608	0.5729565375841769	0.6040393888550456	0.6553308257827429	0.5812964085649075	0.4973408860938705	0.6490552711857674	0.4963756475147054	0.4538873367689057	0.5384115174652059	0.5185601858241305	0.5644696651915829	0.4610904876973649	0.4781382346155421	0.4384262293667067	0.4797080254629023	0.4754220318693295	0.5355474401557806	0.5761233852801595	0.4895499241499238	0.6051318744302453	0.3796012430695531	0.4643696983931991	0.423513599162371	0.3966464057237307	0.4370031798108936	0.4692138882760354	0.5900799315141062	0.5364663356006684	0.6688356185195047	0.6283575531636241	0.5242383172902664	0.5375732477956899	0.4664995700595741	0.6679440334266626	0.645256550031604	0.5397866652670685	0.5274223739695104	0.6617908906104732	0.5444804503585403	0.5427912062301261	0.5849844954902654	0.5827667979757232	0.5166246503754821	0.4449930649312135	0.5159535723321956	0.538190037851894	0.5911771313594122	0.5440979673317102	0.5781952024122408	0.5555680966482492	0.426592757083347	0.6664868762311681	0.6454803136214309
SRR21280531	0.4653463580515758	0.541603294116321	0.499489275886401	0.5313509569128216	0.3797490170539707	0.5621647555403305	0	0.5802513642646827	0.3207103206895702	0.3806359523642237	0.4109380216613127	0.5620833605385082	0.5746655254303299	0.4625817722034378	0.3353985501204745	0.5182709224075022	0.4988362762008481	0.3801872002577706	0.4580172711323093	0.557523946762818	0.5218976214336924	0.4674002672555718	0.3481754853084537	0.5420075477559065	0.5004627772370472	0.5396161860169888	0.4967501747332915	0.3473265886995662	0.3911946227791041	0.3988722143697924	0.4807964821945873	0.4376903571254791	0.3074088352989087	0.3866528318010278	0.3590916695091797	0.5395181973976019	0.5501056969545737	0.47135080499058	0.4747886023383637	0.3809914737593962	0.395382163516375	0.3883252467357131	0.3698609350228433	0.4242966486847482	0.4317383151252463	0.4596637940703422	0.4662436812677745	0.3941574537116757	0.4625398252454564	0.4473960972473763	0.3804064206626314	0.4685339118592241	0.5530317096188632	0.489903701431783	0.5991608318201032	0.6019384128778348	0.430688954251813	0.4727229645972951	0.4893927121323566	0.3909258922205583	0.5000188362037228	0.3741221726450862	0.4876432652655476	0.4102850297553209	0.4976560798170572	0.4589099091746651	0.5678226928584389	0.5432996145218726	0.3767241937402194	0.4692661857715162	0.5600832720843998
SRR21280536	0.5564776354385148	0.5465663776361284	0.5367849350556663	0.5659990756872192	0.6330476196512398	0.5499411781789921	0.5802513642646827	0	0.5892092878035653	0.6067224245379023	0.5180701209800675	0.512980221630517	0.4034928150524335	0.5773638664916586	0.6316562420658367	0.510854690285712	0.6328092363473472	0.6217882690952338	0.5002300076553835	0.4257954160446386	0.6274516792000955	0.5602258756595733	0.5734662379269025	0.4754267772509214	0.4964117283446302	0.4500713355093166	0.6202806626517821	0.6216439618698337	0.5350981548024417	0.6044164657447215	0.6243937141250595	0.5778118360432027	0.5979032704087031	0.626218677397093	0.6148438334605333	0.566113500448714	0.5761702480074351	0.6186776516231992	0.5017959818751462	0.6148396993394813	0.57438605285844	0.6003000613137877	0.6038929129909211	0.5723959496827874	0.5673066731199737	0.6213744623857385	0.4929665288554045	0.6003150577483687	0.5158823593128221	0.5239974831710908	0.628654204264374	0.4955320519725049	0.5064330521898327	0.5262342379444299	0.5669944461026161	0.625857840096393	0.4560571813867113	0.5283819789477222	0.5192626214028234	0.5270249047679754	0.5183612793536841	0.5517923944565428	0.5125548304835453	0.509874893370289	0.5299874723541019	0.5549228724221653	0.4736660921150459	0.5771313407776898	0.5882087628945438	0.4987172862554464	0.5013425760815661
SRR21280678	0.4932297869274668	0.4409208216725193	0.4370150914695798	0.5202328446639504	0.3722762979872877	0.5177113111905591	0.3207103206895702	0.5892092878035653	0	0.3839785283842183	0.3592387840657792	0.5485755369556827	0.5341921299769479	0.4823824600844228	0.2979991829406634	0.5215378073471055	0.4758414244691629	0.3454017779845856	0.47575200393219	0.5735367117249488	0.5087659350384081	0.4846697902576459	0.393178960559222	0.5933887823076536	0.4858423939085824	0.5232130905407086	0.3907624395200504	0.3260506769094777	0.4126376770045689	0.2121856311849009	0.3859287949486047	0.4567724244934491	0.3505973742294108	0.3648629658117957	0.4288178484208682	0.5834376440065512	0.5404297605402871	0.4467388990667818	0.4542299862780654	0.3593473226195934	0.40389718877354	0.3904088802094537	0.4283334600943595	0.3080354416402528	0.4636261988336609	0.3119835357653492	0.497671438815902	0.394596845907853	0.4354851790607721	0.4166229145070729	0.3480681219823391	0.4853374306195262	0.542168154122137	0.4543643147156257	0.5804968125211497	0.6333812861675092	0.5225656432455767	0.5196590385845475	0.5440494197502888	0.3983945432014808	0.5142403949653729	0.276440317825279	0.344027552787069	0.4607152199584449	0.4371974743084414	0.4908656869912507	0.5941035127300526	0.575749923133859	0.4112790876400276	0.4862723380168691	0.5338374440200363
SRR21280682	0.3668098300574387	0.4751655542060387	0.4587051080133701	0.4741491271841175	0.1962546190114133	0.4320864642820656	0.3806359523642237	0.6067224245379023	0.3839785283842183	0	0.3575046204633051	0.4956151177335095	0.5974442349909737	0.3005308248909485	0.2637241710498186	0.3591886630996552	0.4094880058330077	0.1577327367860228	0.4115810382815024	0.4783842749708859	0.5057158031018792	0.3577299336904759	0.2186635035284277	0.5235865361097549	0.5321028231415239	0.4959669315250707	0.4996324429969757	0.2526790820890852	0.394341659572346	0.299569071868726	0.5080578807376525	0.2524928660794283	0.2051226404086415	0.1770430867180221	0.3317365733802561	0.4957677646088849	0.5230366019500244	0.3693984363289307	0.4222559190467223	0.1721360348927432	0.172265424856558	0.1514269402821813	0.2630486026840504	0.4192568891433565	0.4613195954459797	0.472368816972186	0.5258091734958623	0.4263125120870633	0.2787010693921971	0.3127552912396392	0.145849546137276	0.5140353903504198	0.4926816972638593	0.3098179508454101	0.5883624700970214	0.5617846536942329	0.4350437239571253	0.4902802028999967	0.4870507156241983	0.4146992223075492	0.4494841696261278	0.3970250112581559	0.4129043902172582	0.490314192134119	0.5617770268602338	0.3790033830002087	0.5091983927163545	0.4733104230650259	0.1819775912533723	0.5196175375630937	0.4744307641056604
SRR21280683	0.5163190475954359	0.5503538776584153	0.4459983193770825	0.5318278046995285	0.3262144807736075	0.5497801053199065	0.4109380216613127	0.5180701209800675	0.3592387840657792	0.3575046204633051	0	0.3268354093353928	0.4474356921275301	0.4359976193694479	0.3777862460122457	0.3016316701058793	0.4312867836933579	0.2970980527199797	0.5022053752712594	0.3927711997620905	0.5143014660604193	0.5066466424529684	0.3532175487174148	0.441642400656459	0.5814504505550437	0.4049334812211772	0.5659602341558482	0.3616824220500499	0.1581559868830505	0.4088434420851056	0.5485093596725528	0.4059160542561003	0.3239997170075902	0.3136717574572266	0.4938548925548202	0.5660106776166179	0.5744350188249896	0.463813198741878	0.4507358845801023	0.3145637410896376	0.3670674374463088	0.3598145610614543	0.4638757624858153	0.525409653745014	0.4920012184500781	0.4929643694228745	0.2770490071274755	0.4360709240955087	0.1365019328169648	0.1755512585056907	0.29770376703565	0.2762735053881645	0.329039962978233	0.1883831771030756	0.5171707711331065	0.4963830974902207	0.3381024756746988	0.360430063542069	0.3397573300424018	0.190479766485717	0.3073590953850098	0.4268115916080282	0.2964219601054285	0.3535992618558669	0.4507863834252805	0.5194584354070453	0.409246931094811	0.5904650924267068	0.3624783924160483	0.2754866097856427	0.3166371860806443
SRR21280684	0.3632900868768781	0.4131591612266113	0.5955877810083394	0.3768199955817839	0.4641207300531649	0.655696637840545	0.5620833605385082	0.512980221630517	0.5485755369556827	0.4956151177335095	0.3268354093353928	0	0.4045071628729394	0.555208040222898	0.4524526551570158	0.4272142000700818	0.5978502898097249	0.4507371418532721	0.4272698152831055	0.2283422651749724	0.4354350584930794	0.375166244028693	0.4990668143500664	0.4298149684215079	0.6119235201940824	0.5620072161273668	0.665206904035216	0.4280176880993275	0.3778616668065269	0.5341119017903131	0.6747819624611872	0.532034629143702	0.546453875218215	0.4391531096887064	0.5610448253956949	0.6937903021939363	0.7197126195995756	0.2772051877623417	0.6186891616024488	0.4456700136844801	0.5125487237897893	0.506198928026834	0.521561554954614	0.5922185366937694	0.4627775965298851	0.6000024289803765	0.1733959325134086	0.4229805382445697	0.2709781203770544	0.3106509838328059	0.4370968645617434	0.194240447972476	0.1205548990251482	0.3142464974836224	0.6539002174949201	0.63995605710332	0.5149619170549586	0.5364917107593616	0.507962877485775	0.4066463886023985	0.4992284610513911	0.6145529806077714	0.4118852071812998	0.4823535318786223	0.5709778014170027	0.3714483618844183	0.209058654221516	0.4616861184526145	0.4851110221078624	0.1791262539128498	0.06585174437617904
SRR21280685	0.5051550855798012	0.3890553346880455	0.6148690858126203	0.5796304641596124	0.6108121555325872	0.4954993551154937	0.5746655254303299	0.4034928150524335	0.5341921299769479	0.5974442349909737	0.4474356921275301	0.4045071628729394	0	0.5808304460719442	0.6140639497314796	0.5137059332193287	0.6611629151233587	0.6122485647432288	0.499164444580854	0.3616437435925045	0.5660035490100512	0.5318310969959926	0.6361239259314817	0.4734214464464904	0.4605326560859066	0.4345799557601116	0.6197183546815367	0.6043402065028113	0.4637407528475135	0.5629606523006355	0.5923537944537551	0.5735414851195733	0.5630395439738385	0.6090014799322171	0.6321830840913497	0.6913404109230892	0.6313680353426637	0.543047602015156	0.4772616230178776	0.6110395589553094	0.5864092622660464	0.5447885584600718	0.5652637073403559	0.5861057504709306	0.4655707101262928	0.600483808072018	0.3521176776822638	0.5347977387426748	0.4895436924911897	0.5087604739909788	0.6059700473215344	0.362307637629928	0.4378658221707214	0.5125538554129049	0.4822214107385603	0.6147770243577847	0.4895402554537001	0.4765017761047491	0.4908914515014544	0.4974880567861809	0.4740954105346737	0.5386376666428967	0.4928796517579309	0.4435364278945784	0.5004364849835452	0.5070734300479859	0.3499025732623018	0.530792298494476	0.5792347794858573	0.3540711914889281	0.3999866936894459
SRR21280718	0.3908851566783436	0.5488816606517843	0.514617434749549	0.5450659678299458	0.3143972778526468	0.4057498605982433	0.4625817722034378	0.5773638664916586	0.4823824600844228	0.3005308248909485	0.4359976193694479	0.555208040222898	0.5808304460719442	0	0.3903962720166489	0.3697683501795815	0.4828302522861584	0.2972870409089357	0.459470793088891	0.4660512523367862	0.565234751060014	0.4305493434337914	0.3546697674024991	0.6085064984030567	0.6094219996827525	0.5230325555320562	0.5395037284475238	0.3774753026674829	0.4674722152420069	0.3887069649694363	0.5318136648009979	0.2537154740733608	0.3480813875817194	0.2794488765052491	0.4441705640422316	0.491825861829586	0.5318430575234337	0.4870001993537013	0.4551804926840319	0.2878461862055405	0.179461642365987	0.2188243701089531	0.2963552671032316	0.399981878879898	0.4840207605438713	0.5324874399919851	0.5843526002913437	0.5323150860686768	0.3956115559269272	0.4195197964544279	0.2975758129721005	0.5894670106654762	0.5462033752019418	0.4107343428468074	0.5961978698993319	0.6287580828598089	0.4563820090216242	0.4528296392651092	0.4931852575408168	0.4776505877253473	0.4328773719939794	0.3648722979468246	0.4809613188938304	0.4448355915910413	0.5749496012996189	0.4171366017467835	0.4595212926602201	0.3477322049631957	0.231230571083818	0.5844330554347672	0.5485596260729022
SRR21280719	0.3806252225900335	0.4338663893256227	0.4369612057581207	0.4211593541658112	0.2378737908545343	0.5239660257949291	0.3353985501204745	0.6316562420658367	0.2979991829406634	0.2637241710498186	0.3777862460122457	0.4524526551570158	0.6140639497314796	0.3903962720166489	0	0.4500605600474831	0.4296327366284146	0.1919758621643887	0.4341423616022975	0.502356333458521	0.4648635138289002	0.3810952719262418	0.265430191914729	0.5756548938755209	0.5728795202876805	0.5849520694567797	0.4910398114081292	0.1628885128634647	0.4090030137152356	0.2854832359578733	0.5005535937111975	0.321676556970512	0.3378563449764098	0.2057243538345762	0.3041385269297205	0.5726601937597099	0.6074394888853585	0.297831456019283	0.5220884114764226	0.2053811635753287	0.2856065323672291	0.2737133530670031	0.3196320728987275	0.3831856174510997	0.4784846030003674	0.4041843118966005	0.4960414965402167	0.390631352918244	0.3226793492629592	0.3007540324161119	0.1782186200979304	0.4808856796304083	0.4474257082205906	0.3553643786010399	0.6333954184920041	0.6477189571514813	0.5428873619744325	0.5242209346863571	0.5536656521837648	0.3979751191632727	0.521539356435674	0.4361611768904002	0.4026935346408427	0.4770413076344502	0.554366041794582	0.3982053508639813	0.5267112494088874	0.4954246607833019	0.293799070556328	0.4831528484311057	0.4257153881641066
SRR21280730	0.4706339723948705	0.5990914422353831	0.451057096413295	0.6025835600062692	0.4061095489302304	0.4898754896070533	0.5182709224075022	0.510854690285712	0.5215378073471055	0.3591886630996552	0.3016316701058793	0.4272142000700818	0.5137059332193287	0.3697683501795815	0.4500605600474831	0	0.5082349063888317	0.3788658239327672	0.516856180462151	0.3709666910940418	0.6117493967420825	0.5285176367417926	0.4152454368796046	0.4632918602892213	0.6300710552134122	0.3590909998599984	0.5639589434061787	0.4461069950141182	0.3427782013348263	0.466210331473326	0.5534884012690224	0.3576359217653141	0.4156213362184218	0.3973993574723249	0.5017555268666509	0.5359727593401018	0.5739086184905772	0.5439314887694305	0.3700428944840045	0.3930966128327487	0.3312256553572728	0.3450078854384571	0.4450803909488646	0.4818408029006256	0.5482074873090951	0.5720374216859413	0.45527477465442	0.5694996687380178	0.2335157673356769	0.2570052981809322	0.3803976140133975	0.4462962699068858	0.4233622538697336	0.2636444330087045	0.4923675635396428	0.542341972749362	0.3719314770509955	0.3940232820084326	0.398116534519764	0.3629959861261828	0.2359779348331303	0.4507710722764059	0.362106566096458	0.3858165426440088	0.4705689410682342	0.4932881693182904	0.3936944913227278	0.5461027343480737	0.3440329501903258	0.452067577100584	0.4039409314601308
SRR21280741	0.5616982981396516	0.591175926579024	0.4684226258358526	0.5413237891095468	0.3930622710095269	0.5440613002958894	0.4988362762008481	0.6328092363473472	0.4758414244691629	0.4094880058330077	0.4312867836933579	0.5978502898097249	0.6611629151233587	0.4828302522861584	0.4296327366284146	0.5082349063888317	0	0.3659645684876631	0.5410296314961952	0.6191987771147538	0.5611489745714988	0.5606121263328245	0.4091963087770206	0.5260925617424389	0.6243912955316339	0.5759251344481152	0.5846169965768463	0.4317339573722598	0.4667003044978977	0.4577369526024856	0.5964642759306762	0.4648708043507666	0.411769539167673	0.3756534596750451	0.5299736067174817	0.4667382763298197	0.5235583997490414	0.5200605560429565	0.530479315798407	0.3772074072959662	0.4196414491871036	0.4121356265940401	0.5141018881979867	0.5662163444556854	0.5764667048215675	0.5041484550447589	0.5811162774464276	0.5175621186701045	0.437431165009433	0.4573129225409273	0.3618469232765044	0.5712439577092702	0.5881222576434	0.4615229499890431	0.6146750727423086	0.5835790599672871	0.5045070588208846	0.5220871317993716	0.5661383164322428	0.4101439387562199	0.5339790252851119	0.5093643788378086	0.5246980131385924	0.5798044574363994	0.6306551921856087	0.570872310626357	0.6376941861741932	0.6296366067777963	0.4308104160907271	0.5736425279897981	0.5810152712532509
SRR21280788	0.3838076208025404	0.4335743881174531	0.438727480895946	0.4192798363997819	0.1362120620756479	0.4760802333285608	0.3801872002577706	0.6217882690952338	0.3454017779845856	0.1577327367860228	0.2970980527199797	0.4507371418532721	0.6122485647432288	0.2972870409089357	0.1919758621643887	0.3788658239327672	0.3659645684876631	0	0.4290536376520842	0.4766597159255376	0.4616880679948882	0.3534168559744499	0.1241927862542466	0.5728966822086096	0.5762216095185603	0.5276624989023737	0.5305145490864625	0.1821205731038533	0.3506327798124648	0.2304971641200499	0.5465061008563382	0.275513064306795	0.2241957906362965	0.05588306889975602	0.3760825274433033	0.5103220679858859	0.5510870092842211	0.2972929464536934	0.4547154558487666	0.06153101740295389	0.1615940621651281	0.1667910045498856	0.3329747158488148	0.4307385176398533	0.4725421934473023	0.4423303256574797	0.4945005201148322	0.3852065619153719	0.2203579685072763	0.2483210379865813	0.052669859445258	0.4806375194183283	0.4457917450627812	0.2422675439461848	0.6216654422150915	0.6002605064550203	0.4880824085058129	0.4976916231309153	0.4947737881160762	0.3545702754981199	0.4645015668733634	0.409802017841549	0.3797822621100513	0.5038935445243212	0.5842236542579389	0.3926622213634833	0.522851132527831	0.4894319326889011	0.1783184238494804	0.4844866007790971	0.4285922475321705
SRR21280789	0.1783310120335093	0.3994758150562671	0.5809305862579467	0.382226440258825	0.440073525351619	0.5729565375841769	0.4580172711323093	0.5002300076553835	0.47575200393219	0.4115810382815024	0.5022053752712594	0.4272698152831055	0.499164444580854	0.459470793088891	0.4341423616022975	0.516856180462151	0.5410296314961952	0.4290536376520842	0	0.3526281169284523	0.3781525832166863	0.2568876925026827	0.472665807054485	0.5119902046922068	0.5183959540121285	0.5952908303763832	0.5386182781984901	0.4237647991010838	0.5378582083076504	0.5178880743775309	0.5554232455906812	0.4321763358086079	0.4172033097788104	0.4477352507900101	0.4980852270239027	0.58137198716289	0.6139806927947715	0.2604040975757548	0.5343112211234692	0.448997874069696	0.3708150459094386	0.3949954239380762	0.3924409889278719	0.479478104859532	0.2247805472680169	0.5462481281367758	0.4246741592880443	0.353200402955875	0.5106395856250813	0.5307120984584153	0.4318310337233729	0.414704127047602	0.4684706103128751	0.537571845192885	0.6844969538040574	0.6820691592205697	0.5525267391181355	0.5686483508700985	0.5142448873950912	0.5474440148035011	0.5316435805113423	0.4823910467635724	0.595160301732352	0.5243175330306492	0.5952396367682387	0.1709392386995699	0.3721959687666135	0.3131458186528595	0.3652289429034443	0.4182285138671709	0.4180198429750707
SRR21280792	0.3105469639466172	0.4806314684150687	0.6142489196920465	0.4826821660821684	0.5118149698161768	0.6040393888550456	0.557523946762818	0.4257954160446386	0.5735367117249488	0.4783842749708859	0.3927711997620905	0.2283422651749724	0.3616437435925045	0.4660512523367862	0.502356333458521	0.3709666910940418	0.6191987771147538	0.4766597159255376	0.3526281169284523	0	0.4986006355345479	0.308542236895475	0.5159562878187768	0.3840792577028437	0.59885863409316	0.5034423367055694	0.6131651470979901	0.4982646631583748	0.4408008761600088	0.5274262473443094	0.6232846013813267	0.4107325761469211	0.5112609233428906	0.5015114227222823	0.5440416465470632	0.6411363358884383	0.6626915140601942	0.383811609424179	0.5575234017380885	0.5010889692893079	0.4277221839099106	0.4646316616721157	0.4684149703707616	0.5379402637166206	0.3999253292697423	0.6174093223743611	0.3000128389558688	0.4944241803906458	0.3410752796321311	0.362241177512483	0.5002128576128786	0.2891840947338667	0.285855597138708	0.3677955559707767	0.6038312075059239	0.6096080132511476	0.4475272705456096	0.4806243882508138	0.4739530443315665	0.4442782434296709	0.4151941998767364	0.5373595197457414	0.4549201728276541	0.4263518383831235	0.514829692648736	0.3088310519091442	0.1876900814973214	0.3786735431459163	0.4435769759236316	0.2917638648168954	0.2108776446536598
SRR21280795	0.3895240429791311	0.4419706278236837	0.595121697202847	0.4091825015765612	0.4784530334548441	0.6553308257827429	0.5218976214336924	0.6274516792000955	0.5087659350384081	0.5057158031018792	0.5143014660604193	0.4354350584930794	0.5660035490100512	0.565234751060014	0.4648635138289002	0.6117493967420825	0.5611489745714988	0.4616880679948882	0.3781525832166863	0.4986006355345479	0	0.3929324165202266	0.5009634991505346	0.5782692568910665	0.5761842740191632	0.6629778467400946	0.4775923242292536	0.4471273728225891	0.5394816628365134	0.539066682401359	0.6437746323047319	0.5432701935981612	0.5040854814086095	0.4651436145487648	0.5654890307572413	0.662693724853227	0.6855135763485044	0.3120129096758535	0.6151177857423346	0.4646950625893365	0.5215100742248983	0.5143460832236015	0.5457906117350951	0.5979125247403273	0.4173849275752788	0.3617162576362316	0.4253897501841497	0.3860496489088207	0.5248442148458154	0.5448279404235247	0.460274888052825	0.4286541495156252	0.4748144403192225	0.5490953673526353	0.6236918453013048	0.6080350533538685	0.6285729852320519	0.6430742107209381	0.4841188507059703	0.5598437058205202	0.6195152173082175	0.5798593458929965	0.6020955467984869	0.6089387064038246	0.5340930638370122	0.3949648832464963	0.5144002530344634	0.4943677434518913	0.5147743352874707	0.4307496898091048	0.4353051577386212
SRR21280798	0.1791897414997046	0.3373184666249673	0.5999245887764275	0.336058443775717	0.3901252241913424	0.5812964085649075	0.4674002672555718	0.5602258756595733	0.4846697902576459	0.3577299336904759	0.5066466424529684	0.375166244028693	0.5318310969959926	0.4305493434337914	0.3810952719262418	0.5285176367417926	0.5606121263328245	0.3534168559744499	0.2568876925026827	0.308542236895475	0.3929324165202266	0	0.4017843650142495	0.5286323921513379	0.5292282287450363	0.6318081646713165	0.5907371532181867	0.3699704623536362	0.547822109156582	0.4680273177707483	0.5987612556305608	0.4143586733105636	0.408280666140661	0.3793036882282311	0.455733936684193	0.6177006605754594	0.6389313865955476	0.1735430833963154	0.5759572879355819	0.3596520838073614	0.3713126341562654	0.3707877581416572	0.4199605322171948	0.503160270303764	0.3303377784438056	0.5598033806295525	0.4387601816245813	0.3599557457614965	0.4714845362268062	0.4853602383620489	0.3791589405972947	0.4251520937471879	0.422951245464315	0.4917110766078807	0.6899030275975593	0.6836241146885471	0.5718990528175014	0.5983842282209328	0.6135982289810702	0.5549424165706097	0.564288018410944	0.5136696785018985	0.5702325309062066	0.5714238179448338	0.6405866088902736	0.1978961171053275	0.4011064924507761	0.3003293594028754	0.3843340328264176	0.4337075877136272	0.3610655243796521
SRR21280800	0.4384366796373354	0.4830284054556623	0.4722831446583661	0.4720669447515448	0.218512838361088	0.4973408860938705	0.3481754853084537	0.5734662379269025	0.393178960559222	0.2186635035284277	0.3532175487174148	0.4990668143500664	0.6361239259314817	0.3546697674024991	0.265430191914729	0.4152454368796046	0.4091963087770206	0.1241927862542466	0.472665807054485	0.5159562878187768	0.5009634991505346	0.4017843650142495	0	0.5617287837839787	0.562899608035926	0.5437187282340112	0.557046492528355	0.2511391950668432	0.3851957100072357	0.2949401491819759	0.5662166233174184	0.3316669911296003	0.2883781615466912	0.1538868567499858	0.3685541340009756	0.484962321483749	0.5626053603023707	0.3691991879436715	0.4857461339236394	0.1386770941934204	0.2383343195501441	0.2387909987985552	0.3886757560169078	0.4641729364384319	0.5159940938417531	0.4774434112612899	0.5262959585631208	0.4257342023036972	0.2728501632126146	0.2995141582873242	0.1512976474453146	0.5133704743529531	0.4920446250676078	0.2997844932057616	0.6363694060694555	0.6059740105953563	0.4311910362923944	0.514870130217573	0.5267108057552531	0.3987836155511097	0.4952989429845638	0.4429860550174884	0.4187757390356606	0.5261579405355877	0.5969028245979461	0.4395951212813496	0.5590902769697172	0.5324740770173065	0.2586890543464788	0.5251633671969296	0.4795053270483564
SRR21280801	0.5336122950637544	0.5997390409301248	0.6093653552686118	0.5958013335107313	0.5794797855900983	0.6490552711857674	0.5420075477559065	0.4754267772509214	0.5933887823076536	0.5235865361097549	0.441642400656459	0.4298149684215079	0.4734214464464904	0.6085064984030567	0.5756548938755209	0.4632918602892213	0.5260925617424389	0.5728966822086096	0.5119902046922068	0.3840792577028437	0.5782692568910665	0.5286323921513379	0.5617287837839787	0	0.5446848411162546	0.5604050671428327	0.6318925217554802	0.5729893270757807	0.4814094662791353	0.5990177564817661	0.6337797024212298	0.5579451457422634	0.5407350691720675	0.5871550747710144	0.5404066234852827	0.5499937747830137	0.623516302551278	0.5448232588229883	0.5689321797701098	0.5871986268437747	0.5673097196837454	0.5632637523298708	0.551521087304531	0.6288479687011358	0.5460138460763798	0.6299521474238189	0.4266376222938993	0.546595144617596	0.4520585095221362	0.4696239093947845	0.5762780194556453	0.418891402778082	0.4268195025370676	0.4776941222977316	0.5560842119876007	0.5177559797598671	0.3841865138968144	0.4980021243441403	0.534385547567033	0.4255524716375247	0.5025164200861302	0.6100458791761429	0.5276602050798559	0.5128418296660141	0.5729014961788047	0.5373326571476466	0.4400166320221769	0.5962025050073506	0.570275687778967	0.420390150711784	0.4178157559119681
SRR21280847	0.5286144571773643	0.4660567219174704	0.6161719519947195	0.5904940135080305	0.5730704881996667	0.4963756475147054	0.5004627772370472	0.4964117283446302	0.4858423939085824	0.5321028231415239	0.5814504505550437	0.6119235201940824	0.4605326560859066	0.6094219996827525	0.5728795202876805	0.6300710552134122	0.6243912955316339	0.5762216095185603	0.5183959540121285	0.59885863409316	0.5761842740191632	0.5292282287450363	0.562899608035926	0.5446848411162546	0	0.5375499502604928	0.5770106062004872	0.5674171938332754	0.5742105118199683	0.5524304780396213	0.5317711235378811	0.5868926778473081	0.5044821200466248	0.576753078899779	0.5035402865183789	0.6230067232038197	0.5542743427083613	0.5445380381555469	0.4647172483962905	0.5738834713435543	0.5651624486171781	0.5561404331924532	0.5708059253360412	0.5681628798061998	0.4638210456428745	0.5738281160878174	0.5605628629680017	0.5071596206799329	0.6161607962474508	0.6279482015780213	0.5724866759105082	0.5625541774539087	0.6047010816046413	0.6298954207295731	0.5987832581883858	0.6806279952591157	0.5726538350519571	0.632376783127929	0.6207102728588891	0.615612205658624	0.5949096511679527	0.5295824499232195	0.6095238001644452	0.5858417591720435	0.5992538806457839	0.5338039909177819	0.6125698457722697	0.5941621009689173	0.5657738071157503	0.5618547898380116	0.6079470420899777
SRR21280848	0.6092273769777	0.594146919714871	0.4167062759964295	0.6840928694381609	0.5434819596408459	0.4538873367689057	0.5396161860169888	0.4500713355093166	0.5232130905407086	0.4959669315250707	0.4049334812211772	0.5620072161273668	0.4345799557601116	0.5230325555320562	0.5849520694567797	0.3590909998599984	0.5759251344481152	0.5276624989023737	0.5952908303763832	0.5034423367055694	0.6629778467400946	0.6318081646713165	0.5437187282340112	0.5604050671428327	0.5375499502604928	0	0.5720033128164767	0.574170518228285	0.3925904753085682	0.5131079889020644	0.5618706891824186	0.5087709143372094	0.4382776934103773	0.5274062218262395	0.5879579066671327	0.5995937554802537	0.527554165155699	0.6577821897503576	0.2549366686684821	0.5256727773806241	0.4829380257581177	0.5073707021819116	0.546995333878825	0.5473308321469194	0.5876228228425664	0.556930243282843	0.5176670313395992	0.5927177675812139	0.4201128912895775	0.4332070945838539	0.5338813671889443	0.5188784471858259	0.5552852031347427	0.4295529144735095	0.4229750469213741	0.5384511230232187	0.4082462849157993	0.4280840616825191	0.4313649219521649	0.4059233689037535	0.3627452868504808	0.4659091003527666	0.4337348150567151	0.4266086734378513	0.4755111117689364	0.6073408456659293	0.5262411842533697	0.6506865159277897	0.4914471099021187	0.5237196820681606	0.5544844017163805
SRR21280897	0.5571610970176536	0.5894678825278508	0.5590444827831851	0.6455449069058787	0.5344126957672206	0.5384115174652059	0.4967501747332915	0.6202806626517821	0.3907624395200504	0.4996324429969757	0.5659602341558482	0.665206904035216	0.6197183546815367	0.5395037284475238	0.4910398114081292	0.5639589434061787	0.5846169965768463	0.5305145490864625	0.5386182781984901	0.6131651470979901	0.4775923242292536	0.5907371532181867	0.557046492528355	0.6318925217554802	0.5770106062004872	0.5720033128164767	0	0.5138542894917181	0.5804446670232194	0.426971548657211	0.4021737717187426	0.5207139108185629	0.494842544546964	0.5409521689988898	0.5184475832867049	0.5931725947329066	0.5796823731950771	0.6048390818004348	0.5094403960907097	0.5412552250014753	0.4866824100799986	0.5037281616552303	0.482081984005957	0.4046697544076896	0.5646448969467766	0.3159388300964371	0.6502186125437541	0.5972823908438254	0.5784265897521721	0.5667170790121252	0.5303089241615045	0.6425185908875292	0.6554049094375217	0.5924300323845589	0.4766680232947167	0.5519634286649184	0.58778037520094	0.5851435464185529	0.4770307114475126	0.5620297101565368	0.5669464369660356	0.4093923233446583	0.4971500913972822	0.5409781124983232	0.3869847123862218	0.5585048296860498	0.626541839472703	0.6113449339131856	0.4883467899267449	0.6449129008506217	0.6552599042095822
SRR21280898	0.3544431580881063	0.4170034440032934	0.4708063398952258	0.3907589882164784	0.2062715332642472	0.5185601858241305	0.3473265886995662	0.6216439618698337	0.3260506769094777	0.2526790820890852	0.3616824220500499	0.4280176880993275	0.6043402065028113	0.3774753026674829	0.1628885128634647	0.4461069950141182	0.4317339573722598	0.1821205731038533	0.4237647991010838	0.4982646631583748	0.4471273728225891	0.3699704623536362	0.2511391950668432	0.5729893270757807	0.5674171938332754	0.574170518228285	0.5138542894917181	0	0.3965967031986229	0.2994708708029445	0.527585523165734	0.344821568493928	0.340137073104909	0.1819848238515445	0.3447713975820297	0.561974906161096	0.6018899869472116	0.2795791792998327	0.5145548175602107	0.1843158074302839	0.2867312646808232	0.2712724536736601	0.2965828640747939	0.3975935111329665	0.4599460881137737	0.4180168568659539	0.4726847895952138	0.3796397568970744	0.2975589668137111	0.3144389372946203	0.1744309872771147	0.4766183685652168	0.4258044231400709	0.3480006775805638	0.6573614596127553	0.6479522264300712	0.5353757115866949	0.5262580573516173	0.5431040246237112	0.4219327918788005	0.5207720931116174	0.4470199492494831	0.4206575675652471	0.4866323067494971	0.5556701755986321	0.3548416716913206	0.5101342526226322	0.4770490869191261	0.260587507318753	0.4868435831527067	0.429881037521735
SRR21280902	0.5503078161664395	0.5802270012351857	0.4635992795604205	0.5652242725020477	0.374337361246745	0.5644696651915829	0.3911946227791041	0.5350981548024417	0.4126376770045689	0.394341659572346	0.1581559868830505	0.3778616668065269	0.4637407528475135	0.4674722152420069	0.4090030137152356	0.3427782013348263	0.4667003044978977	0.3506327798124648	0.5378582083076504	0.4408008761600088	0.5394816628365134	0.547822109156582	0.3851957100072357	0.4814094662791353	0.5742105118199683	0.3925904753085682	0.5804446670232194	0.3965967031986229	0	0.4198614367480883	0.5188460507347752	0.4313595112502214	0.3248895877353883	0.3494482645223433	0.5098742958214943	0.5691474691850088	0.5348947268692227	0.511094845445312	0.4418242557190982	0.3363492347333811	0.4082605427212266	0.4007147996440822	0.483333552056116	0.5374903625515223	0.464484475385732	0.5071718075100119	0.3226083000422432	0.4331342823589325	0.1983317219598075	0.2115845024944281	0.3432330465942615	0.3240775022379165	0.3773823784560266	0.239459262549901	0.4935207802677714	0.4466796858099112	0.3072308533859795	0.3216171229590833	0.2841608803670184	0.1819526038759768	0.3278373158135048	0.4319972901880463	0.3099027884696292	0.309844124792001	0.422551644673923	0.5517148686764585	0.4530837206211694	0.6190421264554677	0.4046699073479406	0.3236088071535476	0.3727295562768465
