	ec1057	ec1058	ec1059	ec1060	ec1061	ec1062	ec1065	ec1066	ec1068	ec1069	ec1070	ec1071	ec1073	ec1075	ec1076	ec1077	ec1078	ec1079	ec1081	ec1082	ec1083	ec1084	ec1085	ec1086	ec1087	ec1089	ec1091	ec1093	ec1094	ec1095	ec1097	ec1100	ec1101	ec1102	ec1105	ec1106	ec1108	ec1109	ec1110	ec1111	ec1113	ec1114	ec1115	ec1116	ec1117	ec1118	ec1119	ec1121	ec1122	ec1123	ec1124	ec1125	ec1126	ec1127	ec1129	ec1130	ec1131	ec1132	ec1133	ec1134	ec1137	ec1138	ec1140	ec1141	ec1142	ec1145	ec1149	ec1150
ec1057	0.0	0.13033846216203063	0.15944237104750947	0.1717612025367127	0.16051369508172605	0.17120829962558018	0.2328594931547411	0.14241243619855073	0.1606106453479139	0.14066779448929137	0.24401782016993911	0.2158196724950815	0.14784581873821775	0.1662785169655946	0.19679367918295163	0.1562678151626849	0.15002960365200899	0.16713287361778092	0.2849978604606819	0.17156844560668608	0.34232685248652944	0.16704763573520331	0.16610398310319094	0.16431496098270298	0.24068864399236464	0.15009012911407882	0.1763100600280536	0.14171768813492167	0.2040648754789017	0.22467448121321584	0.1872103592216482	0.17344082508413172	0.17756587297747928	0.1727342177100194	0.24786622962747967	0.1577226264490226	0.14295545368599755	0.17198841524035796	0.16293278108961354	0.18997563855595262	0.18662196475470783	0.17530826754338663	0.24677014256959237	0.26245754473370586	0.16905926715526504	0.2164599670227173	0.26447995273561015	0.17112003738069076	0.21324371354932378	0.18937982117363028	0.26888617075478466	0.21081557159975162	0.1953079045452535	0.3399536886580565	0.21315078617843142	0.16246006075603034	0.2685972828140761	0.17985266053396717	0.15195185161936298	0.1947070579857991	0.14531804957221028	0.19066433352838247	0.2778131160069233	0.1630453584301728	0.15909924629400887	0.17975871490373974	0.1787423020731186	0.2367018426123637
ec1058	0.13033846216203063	0.0	0.1491881890234074	0.1729022271339733	0.15568094982819453	0.14442857924007702	0.22313658482583196	0.12487668709978349	0.1478060170995845	0.13821117864282761	0.22473459181113625	0.19905499928366635	0.16359163645041258	0.1601181176156935	0.20896219701990745	0.14828380996308804	0.13678791935627033	0.1683375728139911	0.27016408199130004	0.1594654874443519	0.3357155792716094	0.1724983750375957	0.16140495579461767	0.14524272188518814	0.22750767010139808	0.1725328831786814	0.16977921872651838	0.12090080801378408	0.19252074336638972	0.2029610980707262	0.17591019353026954	0.16134057326215995	0.16498860720102979	0.17536230546465292	0.23437632457997154	0.16279031149453788	0.13230642138910959	0.13776564080922807	0.15288991983162506	0.18876986207808324	0.2167303152329594	0.1625761232087965	0.22519695873267614	0.230772880463466	0.1406768474603679	0.20759719663035525	0.26384173797115595	0.14536336030513938	0.20554417150442936	0.19917128080004026	0.2657232360090909	0.17749356235205363	0.18874531861941124	0.3254159683536946	0.2346573562266894	0.13723997560282197	0.2495609970882877	0.16796988124210654	0.13767304381871262	0.20409199181996862	0.1475419304930515	0.1852384664065316	0.2895601812099604	0.14839787705332486	0.1661430957069674	0.16124619747801341	0.15928603735208036	0.24744911794158317
ec1059	0.15944237104750947	0.1491881890234074	0.0	0.1371667459528776	0.1458131892998269	0.15574168095093932	0.22893090825733026	0.12514217989714266	0.1111888074901323	0.13804487589962797	0.17283672813554884	0.1871408685288475	0.1535810617047421	0.12742120259447975	0.2479801398938412	0.1429272858916893	0.18034347918273	0.1380440398863931	0.2524688971640907	0.13266126001222397	0.32727300470619564	0.16311832091688722	0.11929007260228085	0.16679468902303374	0.2085252173235393	0.1743472163352041	0.12768614717379106	0.13866552727191322	0.1336264917033723	0.16272213391814871	0.1442373751672402	0.17519739025168748	0.17489441687003796	0.16183632578835314	0.19879924934411325	0.17528981211696648	0.1131918909277862	0.11889566429563496	0.13700917080442615	0.1495952139599828	0.24793514476279138	0.12275310039858686	0.1644591699174847	0.22205715753227556	0.14109596132898494	0.1836209994247168	0.21637757966664717	0.14898530204405885	0.14273429465239293	0.14802083321161102	0.2691717400510066	0.14478063507369024	0.15248469437829693	0.2908985897596945	0.24643591836673198	0.13960042657255892	0.19205302698391505	0.14916556646255616	0.13551530750592888	0.16558056739649873	0.14527986500458293	0.1474926516176691	0.2896988932979747	0.12281424247351994	0.15233303719074812	0.15349580909983218	0.1343182724641121	0.24052273166219343
ec1060	0.1717612025367127	0.1729022271339733	0.1371667459528776	0.0	0.13706722889187065	0.14411309507125517	0.27357602951091337	0.1447037153626705	0.12026082418753485	0.13818982253117199	0.1970613780411925	0.18641347155391103	0.18856231007481078	0.14111341184934945	0.26361034831042696	0.17443370747949977	0.17889288851189922	0.10261087378945997	0.27817478060052087	0.12391631811382313	0.31946641078453575	0.19052167490313937	0.12049728126481275	0.1554757247952341	0.20971422192683023	0.15202265066133083	0.1221250689602588	0.14807681831716663	0.16213884101977274	0.20127327780318668	0.16459491385143155	0.20846774345299124	0.18755594494878303	0.14146206056868849	0.23054526888185686	0.20784184994100494	0.14151926637522014	0.1448766237276546	0.13679284412171802	0.13800222411269442	0.2640962997472308	0.16316526992009858	0.18853866932338023	0.266780418755839	0.14768353834169856	0.16116141260923583	0.2327609621172226	0.15846113007197837	0.15827085845219396	0.1023317787107178	0.28460791253027173	0.16042294324220924	0.1279120381889217	0.31877008412459407	0.2536615810389542	0.16197796502111916	0.21504484899977455	0.17928874958518748	0.150064575587346	0.1394044691493628	0.1633020424290477	0.12722161665815468	0.28558347182466604	0.17429973326972045	0.13535502490241783	0.1656299840211626	0.16920444955513367	0.2041426967904039
ec1061	0.16051369508172605	0.15568094982819453	0.1458131892998269	0.13706722889187065	0.0	0.13682293136827373	0.25353897935684294	0.14190869588838087	0.13789638270814725	0.11372952325613093	0.2124992074589167	0.20757534864700306	0.17016248454816363	0.15660635666534267	0.2609220559331364	0.15531018463957258	0.14672007138989826	0.1328373318858308	0.2873683910913725	0.14136580852752262	0.3382132203854965	0.19955435628304763	0.1334210377523578	0.13422340980607997	0.2350241634841108	0.14614994503814155	0.15864290758306465	0.11377198818393953	0.17074979319098887	0.21195249933957142	0.16757563314267462	0.1913596702410281	0.17286198156548202	0.15154274028385112	0.22363532139023906	0.19562735709104018	0.13534152316185563	0.14010424997761783	0.13052477660099635	0.17242864309930794	0.2572417543737878	0.16998431767032737	0.2078309071823134	0.25770781632991857	0.14004630669483176	0.1895468962523054	0.24699012771845452	0.13884324792967434	0.18119730918037247	0.15792753495521714	0.29809571477028574	0.15899196100826202	0.16260590773352881	0.33656718238976274	0.25499619323619754	0.1493585095594442	0.24518752578617106	0.17587044911077745	0.12928464676667273	0.18253849278753753	0.1634343135726343	0.1746792769437933	0.2923375435294141	0.15482727775928173	0.12901482288919924	0.16298132418598515	0.15448273010409677	0.20441490884836644
ec1062	0.17120829962558018	0.14442857924007702	0.15574168095093932	0.14411309507125517	0.13682293136827373	0.0	0.2807075636109403	0.14615870784739332	0.15492659412287166	0.14315932459044373	0.20877169921433592	0.21105040428838795	0.2071728363893822	0.16395894833428198	0.2374417326232895	0.16849862097814836	0.1369746360874737	0.14942374678889436	0.30739625275943255	0.12071165090574272	0.35462967327551503	0.19490320018428972	0.12856057059386067	0.11455626112123925	0.23571038949051495	0.15013248276572239	0.16550625058960242	0.12040066615289759	0.17433120392985935	0.20089974502776675	0.16161270649750384	0.1934218904315772	0.17046403765719526	0.16223588092812413	0.23710167909456253	0.20657517550915652	0.12938678883613405	0.11511148921139751	0.16129519638663692	0.17840298911281524	0.24743607476713744	0.16597559565782252	0.19558195414352916	0.26644443357269804	0.11121713611747867	0.17755542193892804	0.26226161332035475	0.13759514224563524	0.17033612295946918	0.1820885738433501	0.29120738775543287	0.13723670347068231	0.18611901026299107	0.34857060051457917	0.27041808540003026	0.14918451529969712	0.23899965444400575	0.19858932830861864	0.11649513221059452	0.2016824338931536	0.18676122606480303	0.17648842673956158	0.3171465119079175	0.14679055550872774	0.15679415499802404	0.1822883918792158	0.15390149831704425	0.22723155603170483
ec1065	0.2328594931547411	0.22313658482583196	0.22893090825733026	0.27357602951091337	0.25353897935684294	0.2807075636109403	0.0	0.2232872804276583	0.2360801497078831	0.23810088822399988	0.2778942439167951	0.2697178828431013	0.2290126999904065	0.21599537670459115	0.25511127204665446	0.2347440712852119	0.2618913643571345	0.260708464655312	0.2582104550403493	0.2532480441969079	0.3681773758334734	0.21517861780708938	0.2492726775996953	0.26390943452215637	0.2737816757049502	0.2658119889847536	0.25468924894771566	0.2277539134846463	0.24060801869179602	0.2722016790572837	0.23952588565997207	0.21642154999352384	0.2294601215768875	0.253275638590612	0.2525609681763355	0.2314360609522342	0.23096081811865316	0.253894669956775	0.23192147190303472	0.2687995689486614	0.27422353411719	0.23913598056261076	0.29867960963182005	0.2660626025377811	0.27409032317082527	0.2751725876605932	0.3033607391853185	0.2289086548913357	0.2775016062652925	0.2679459348140356	0.3211807386769047	0.28144765426517665	0.25377892197788915	0.36446550239704223	0.25508346351752276	0.23307974579932156	0.30659996207992524	0.20459862098279102	0.23704698560057982	0.2782797753478297	0.2248693968788238	0.26516133653669777	0.337507850072987	0.22602467625974862	0.2692770781062024	0.2534280131606389	0.24707581375076795	0.34286480929010954
ec1066	0.14241243619855073	0.12487668709978349	0.12514217989714266	0.1447037153626705	0.14190869588838087	0.14615870784739332	0.2232872804276583	0.0	0.11752364160217535	0.13014259458417754	0.18712549245294352	0.17297705598641774	0.14870762819256142	0.10543949432741562	0.22686777930593427	0.15157212748743004	0.15322138157105963	0.14993849528733152	0.2583765254761054	0.13738115898508482	0.3186347499813849	0.15934318676716028	0.13058285220791496	0.152415275284552	0.1918402318239604	0.16416222445078646	0.13872353020376318	0.12657900437717404	0.16302078480420906	0.17585097288094723	0.16523521213155917	0.16919401437692883	0.14350696684399555	0.15962724319821234	0.21079371028715874	0.1584043945757702	0.12695478215880543	0.12540194915758343	0.13735827839609838	0.1586194323586871	0.23044931922522444	0.13336288826066808	0.19707731172412557	0.20720627236504646	0.12196215577661358	0.19527387133495483	0.24741490508217634	0.14283671587837507	0.17580239816127446	0.1614443944273413	0.2507264699929508	0.17030627356957068	0.17563349571324383	0.3102402820701524	0.21885284150122755	0.14641024541155578	0.21458512314211747	0.15364852695434789	0.13131541016784196	0.1822712025950185	0.1369224414473038	0.1669949959216921	0.27317039604567034	0.13819224894583165	0.1508308286187712	0.14548352108708462	0.1527215529342616	0.232433099903129
ec1068	0.1606106453479139	0.1478060170995845	0.1111888074901323	0.12026082418753485	0.13789638270814725	0.15492659412287166	0.2360801497078831	0.11752364160217535	0.0	0.13013716473451023	0.18666357601978778	0.17285004587594102	0.15828067481503588	0.11850586394288005	0.24265193056595627	0.15006650018015832	0.16913047924846464	0.1230087303557138	0.258414368582665	0.13450040859990814	0.3177696316415287	0.16517675079253874	0.11464000891996383	0.16846421110227208	0.19090483278263837	0.16694747711665214	0.10471866065537204	0.1366487112368193	0.14579107218530696	0.17056056903291145	0.15196289232841897	0.18682241751012038	0.16771542973128722	0.16012131881527866	0.20292707011349959	0.18314705433353257	0.1314699345174363	0.13528279061321544	0.146260403291417	0.1270990828761885	0.24260241258088844	0.14751011477649356	0.17999168636557786	0.23042012561183345	0.14192637360918708	0.18721013223263228	0.2270578332434128	0.1466031739678376	0.16540616163554198	0.13054445467205592	0.256272057509713	0.16106955349793614	0.14344295528902914	0.2986687934176686	0.23273518540455554	0.14909034775317823	0.2048690358813381	0.14456983663347833	0.13548344411549243	0.1482541194007399	0.1518646927642918	0.13750150677221135	0.27372896205297687	0.14900585930570637	0.14164568804665323	0.15769285061185218	0.15773029716136844	0.2131988382341797
ec1069	0.14066779448929137	0.13821117864282761	0.13804487589962797	0.13818982253117199	0.11372952325613093	0.14315932459044373	0.23810088822399988	0.13014259458417754	0.13013716473451023	0.0	0.2006886559208579	0.20398507583376538	0.161046596328341	0.16516755738179525	0.2440375075654618	0.14438415127849552	0.13095482869492986	0.13382994282078975	0.2710838005426107	0.13085317498435697	0.3233969613990507	0.18892151519673755	0.12679990866565893	0.12487076635738484	0.23069538238138765	0.12637288535910066	0.14891142940264526	0.11394072996721727	0.18374273266772506	0.21220307747716524	0.17365413872933438	0.16641385254698315	0.15580515153970542	0.15161238628591986	0.22491640784229028	0.1707427961552173	0.13234126901206314	0.146140413538434	0.1379645709147831	0.16865013980091043	0.24504792793927727	0.1549088253871584	0.21253809975978374	0.24060314416373985	0.12900927215119667	0.17572381452474015	0.23956133130475846	0.14455958322122592	0.18674694896544405	0.15001157381226973	0.27500746804925125	0.17320935449007205	0.16446792472929908	0.3233688075089569	0.2415404914833488	0.14589683640258094	0.24284134306004074	0.17188183391525058	0.1356658425887573	0.17464960057482723	0.14631886820800555	0.15849742712234396	0.2732548496706799	0.15855231859504731	0.1296314469139641	0.1661208380432682	0.15946061964126018	0.21147507993424405
ec1070	0.24401782016993911	0.22473459181113625	0.17283672813554884	0.1970613780411925	0.2124992074589167	0.20877169921433592	0.2778942439167951	0.18712549245294352	0.18666357601978778	0.2006886559208579	0.0	0.18953659641933418	0.23621062372573043	0.20495850676216903	0.2969316372940455	0.23048045066819342	0.23864008903285286	0.19074024840219161	0.27142399876657963	0.1799850832272372	0.3366489294149762	0.21741199083911794	0.16983917770750492	0.20635046033486565	0.230059908767689	0.20805143760644926	0.21081079421461962	0.2083684383391748	0.16825266961795912	0.19792182070704256	0.18870273698146717	0.21125885731524907	0.19933893478932802	0.21006205809000572	0.2094733264997367	0.2605700039604616	0.19744163752998534	0.19155735820558364	0.19403419749794823	0.1976240011078016	0.3179654140683622	0.14401393901226223	0.17695587747668895	0.20169674019577793	0.19364585619532718	0.1965256132066852	0.2409088512964317	0.19121668748384446	0.1732956519635225	0.2133851564960195	0.29063969387245964	0.1957100227555599	0.20314324035042633	0.3087455703105645	0.30263383205757705	0.20504971490666601	0.19288106136445093	0.22404387049560523	0.19920163887802472	0.24040759822721225	0.21703131945833196	0.2185734451990708	0.3350596776850922	0.1853975297303507	0.21658889786414734	0.21396270928716954	0.19165607095645681	0.2719730565591415
ec1071	0.2158196724950815	0.19905499928366635	0.1871408685288475	0.18641347155391103	0.20757534864700306	0.21105040428838795	0.2697178828431013	0.17297705598641774	0.17285004587594102	0.20398507583376538	0.18953659641933418	0.0	0.19451050669896003	0.17484820644224788	0.24211456293247824	0.21087726415240318	0.23813550429466468	0.16819872691840596	0.23917383624388788	0.1830136028915254	0.284404272344835	0.20676335642570862	0.18245573277189914	0.20513550468587805	0.1369217203146069	0.22594377138569813	0.17540025351464678	0.20761254254149755	0.20059966140063265	0.16093184857840903	0.18967515793671597	0.18270082729741458	0.19817304009005093	0.19235858299533998	0.23271653971448403	0.2085256656052	0.17835629405115463	0.19665129891869668	0.17406819020278444	0.1483670076313632	0.2722001568751027	0.1708579620367169	0.20731367994835842	0.20654457552563107	0.19897730588599016	0.18659279632633186	0.20325684743461594	0.18796664476115835	0.19909881933970686	0.19071975080644454	0.23551086184938375	0.22046040507050035	0.1844853769045201	0.2610051824793571	0.25961610402806334	0.1793557423922686	0.2204670001751073	0.199042002968934	0.2037783892879399	0.20177292708857303	0.20046310415914592	0.18597178710064444	0.26514173424430887	0.200836052803703	0.21189488797223344	0.18009645855229503	0.21628240855948927	0.27134737773639467
ec1073	0.14784581873821775	0.16359163645041258	0.1535810617047421	0.18856231007481078	0.17016248454816363	0.2071728363893822	0.2290126999904065	0.14870762819256142	0.15828067481503588	0.161046596328341	0.23621062372573043	0.19451050669896003	0.0	0.15370239416128348	0.22876718941909005	0.13915919345684533	0.18643811378744013	0.1853052064133831	0.25989791760981673	0.18488565677921526	0.33334331200232287	0.1761943051504009	0.17725013560208494	0.195270663981033	0.2216282189434328	0.18332668164594168	0.16018211513166897	0.1714396271412922	0.19996689738009393	0.22465155973692807	0.20039464599988008	0.1831627950021457	0.19456102329885563	0.19094936311678423	0.23135022450605283	0.11685410669559634	0.1603165177296584	0.18861027343612868	0.1697138393089161	0.19202556468600146	0.2156605026758361	0.18195978802408558	0.2516320467678508	0.248563274010955	0.1913857668578324	0.22228147421420535	0.25796491277592365	0.17852439649151974	0.23189635650597856	0.17295922549724635	0.2713376919931352	0.2287390232089527	0.18617539299155714	0.3223233021360134	0.20083823212752086	0.16189425861642018	0.2688355798002391	0.1608438123780171	0.18141054518932861	0.1785232548379107	0.12886906802907486	0.17795179427118077	0.259763424222554	0.18191922399966104	0.17814096715693611	0.18479421373334962	0.19526175642682994	0.2599625966463133
ec1075	0.1662785169655946	0.1601181176156935	0.12742120259447975	0.14111341184934945	0.15660635666534267	0.16395894833428198	0.21599537670459115	0.10543949432741562	0.11850586394288005	0.16516755738179525	0.20495850676216903	0.17484820644224788	0.15370239416128348	0.0	0.22465610845103248	0.15218714154423155	0.18701634059810096	0.1524271714483303	0.2447202737704951	0.14851062326016956	0.32480456508469235	0.14740286177085057	0.13459845299015602	0.18258976732482474	0.19218318135600246	0.17267818500880264	0.14664934410096733	0.1504546616735217	0.1511534117436473	0.19110284392338264	0.16107571386101185	0.18107565432546982	0.16984361339816895	0.17599579404464255	0.21944914629434395	0.16860960449174545	0.1377404278383458	0.14934911256832797	0.1461680171444321	0.1550616194304895	0.22923750401175555	0.15493634821694105	0.21370758640819082	0.23706286964705003	0.1582247847823194	0.19936800631139634	0.2501204636721371	0.15623354820907567	0.18161523705915922	0.15465867901513053	0.2605433953270836	0.18086071862118008	0.17081858202500314	0.31282346324995053	0.20322448413791916	0.1448980975488002	0.2331016506796568	0.14317994792646993	0.14539967291217212	0.17210298547184966	0.14750133309730523	0.16190903891861616	0.2811389214302081	0.16140667118006224	0.1688734350920315	0.16842892371326051	0.17446457141816232	0.2464715733844109
ec1076	0.19679367918295163	0.20896219701990745	0.2479801398938412	0.26361034831042696	0.2609220559331364	0.2374417326232895	0.25511127204665446	0.22686777930593427	0.24265193056595627	0.2440375075654618	0.2969316372940455	0.24211456293247824	0.22876718941909005	0.22465610845103248	0.0	0.20953872179110483	0.21834326947307914	0.2561632064091494	0.2757830340909489	0.2396670520182503	0.3669354306349243	0.17053294465849578	0.24567042830761746	0.2508741994232417	0.2477343839312264	0.24726013607392833	0.24534009350822691	0.21157969843472862	0.25400118518680903	0.27636705543705925	0.23001255302237494	0.18903786818723253	0.2461198998124773	0.2516853993257078	0.2637754653989753	0.21672207627281434	0.20962633865101976	0.23936549584253783	0.24129548273607698	0.2620712168692307	0.1713283010852578	0.2517393277751526	0.30238109111668116	0.26435378444292174	0.25418088214031004	0.25426249351142677	0.2990734613502262	0.21799181774464219	0.28972423639679695	0.26920841309313603	0.2507799391205159	0.2740959744534014	0.25398456098979405	0.3548611452722361	0.22511757888970393	0.21579872065596745	0.3194479065698131	0.20424489372762397	0.21848253482520977	0.25484471622594607	0.22420754650521868	0.24612687116237833	0.30483279716021	0.23507941258248347	0.2696003063641425	0.2506546665423037	0.2566451846618905	0.33310419716623696
ec1077	0.1562678151626849	0.14828380996308804	0.1429272858916893	0.17443370747949977	0.15531018463957258	0.16849862097814836	0.2347440712852119	0.15157212748743004	0.15006650018015832	0.14438415127849552	0.23048045066819342	0.21087726415240318	0.13915919345684533	0.15218714154423155	0.20953872179110483	0.0	0.16022626311252766	0.1795364157102544	0.2775201529863267	0.15221489621538234	0.34517875294879363	0.16423185698266907	0.16589261626207677	0.17540008685866554	0.23469466431709746	0.1753641253322806	0.15033316341355785	0.13780033588449217	0.1824106000273929	0.22216896962750665	0.17794500139093355	0.18037135954454964	0.19465290430135815	0.174526286909485	0.234604942587093	0.1372378547801539	0.13463874128989226	0.1628407259859414	0.16829572467627218	0.1924656613351941	0.20597666353938768	0.1813384182200794	0.23386652271360092	0.25980074346539156	0.16452812839145997	0.21264198462572745	0.26070747079687245	0.14686111274505462	0.2167650596037863	0.1645301558233459	0.27360070978811596	0.1908093813238423	0.1806570201614686	0.33822154639714924	0.20957292919473244	0.1394237280185473	0.2602797384209011	0.13968130948909036	0.15120224468156607	0.1728039824803672	0.13346844686383152	0.15205334665109188	0.2753931009176825	0.16246370020937634	0.1713791907443194	0.19103652046812117	0.17934867207105337	0.25778600186819856
ec1078	0.15002960365200899	0.13678791935627033	0.18034347918273	0.17889288851189922	0.14672007138989826	0.1369746360874737	0.2618913643571345	0.15322138157105963	0.16913047924846464	0.13095482869492986	0.23864008903285286	0.23813550429466468	0.18643811378744013	0.18701634059810096	0.21834326947307914	0.16022626311252766	0.0	0.18071471228762154	0.3022314064238613	0.16647209747459538	0.35287867890083446	0.20908698143922785	0.1688300982287827	0.14416325634102314	0.26738502469662717	0.1585537939164786	0.19410673939239861	0.10986255539484055	0.20748125699093187	0.23924407518835444	0.19737815437541628	0.19727059394751564	0.17589278792088	0.18746023685574306	0.25057739599990486	0.19195052446319388	0.14442877103508134	0.13968423830608576	0.1766556690620954	0.20419142357922185	0.22797381554307267	0.1897819474499753	0.2458126036105991	0.26445704620103455	0.14039127072182023	0.2198659922148765	0.282026439004731	0.16070745206092002	0.2223045071232713	0.19847445954247078	0.2948298961021077	0.18278332126786268	0.20432446988733927	0.3609216459632259	0.255838926628067	0.1439546441448536	0.28088161092691283	0.2147228504090517	0.1339206651925909	0.2227842220262809	0.1868284940780911	0.2048776319395754	0.2966379334395392	0.16707893883634242	0.15219101150670591	0.20361864489030784	0.17720908706710645	0.22889097794988855
ec1079	0.16713287361778092	0.1683375728139911	0.1380440398863931	0.10261087378945997	0.1328373318858308	0.14942374678889436	0.260708464655312	0.14993849528733152	0.1230087303557138	0.13382994282078975	0.19074024840219161	0.16819872691840596	0.1853052064133831	0.1524271714483303	0.2561632064091494	0.1795364157102544	0.18071471228762154	0.0	0.27468930072364856	0.12386674521965658	0.32483335650951106	0.1920991004549477	0.12515432424786893	0.13810009489700534	0.20757118860835577	0.15476862499712865	0.13560394226096611	0.1522909071339272	0.17194790137464339	0.1798887690063108	0.1584403423547306	0.19670878633856784	0.1845926066669916	0.15028229691412393	0.22773089834144583	0.20099680702440736	0.13764476623073965	0.1446527022558279	0.13219496471235953	0.11932412809915655	0.2640440163360166	0.1543754730952258	0.1875594479599129	0.25483397550744896	0.1499689504553771	0.140266479543624	0.22301632127918675	0.15521879045146647	0.15029689872384297	0.12665039059451258	0.28646441231756165	0.15811873732357018	0.12260797913121987	0.3072919714573382	0.2584395145362224	0.15553792213044326	0.21619027416887046	0.17997545950200916	0.14517182642705118	0.14158386731843864	0.16689019057278687	0.13934189409702952	0.2977993132090253	0.1660012414335324	0.1289296637836527	0.15149703617954027	0.15985455175944133	0.20154882516188447
ec1081	0.2849978604606819	0.27016408199130004	0.2524688971640907	0.27817478060052087	0.2873683910913725	0.30739625275943255	0.2582104550403493	0.2583765254761054	0.258414368582665	0.2710838005426107	0.27142399876657963	0.23917383624388788	0.25989791760981673	0.2447202737704951	0.2757830340909489	0.2775201529863267	0.3022314064238613	0.27468930072364856	0.0	0.27891367552402213	0.2329453412049567	0.23831573135346143	0.2702263696410435	0.29671299557836206	0.23845219035994408	0.28088571308167865	0.27916355680324423	0.2816686834594868	0.2432074302481361	0.2803735824195251	0.267215341388417	0.22753273529477414	0.26311581406550977	0.29802045076465544	0.23044639569372674	0.27935610616031115	0.2627155830024563	0.2810205335768729	0.2689394665350887	0.276912880269768	0.30591421217202525	0.25397652707238866	0.29708337695658354	0.22373653661409362	0.2990834268186278	0.27149571984546994	0.18549985165509095	0.2607647520535786	0.28563650587919515	0.27621967262078395	0.1816333789588232	0.2894082019494024	0.2573893553097173	0.21332280225426212	0.25599563838388933	0.2762715533494378	0.30390442280129426	0.22614800760567608	0.2787566381178113	0.30352708646590665	0.25081536021474915	0.291309126791068	0.21266393278316945	0.24992495652435986	0.30630525491383886	0.2779742816920721	0.27209244125917587	0.35499157730090397
ec1082	0.17156844560668608	0.1594654874443519	0.13266126001222397	0.12391631811382313	0.14136580852752262	0.12071165090574272	0.2532480441969079	0.13738115898508482	0.13450040859990814	0.13085317498435697	0.1799850832272372	0.1830136028915254	0.18488565677921526	0.14851062326016956	0.2396670520182503	0.15221489621538234	0.16647209747459538	0.12386674521965658	0.27891367552402213	0.0	0.3178012698304079	0.17907231390130557	0.11586868462998595	0.13457024649170812	0.20515080981116413	0.14871053004621734	0.14364481632564674	0.14050226491431803	0.15581075454954574	0.18409761245815728	0.14090347288635988	0.18057574969422246	0.16618113831194967	0.15515990711353392	0.2173936474229825	0.1952475351679127	0.12301920629407173	0.13222651749747044	0.14205519161944577	0.14681269541949118	0.25333237576777773	0.1347865991423517	0.18352875979104266	0.23922837154680227	0.1280823748899271	0.15749011507175212	0.2360062732310934	0.1219013298698858	0.14822875302139485	0.1438397826577318	0.2706045782515965	0.15627535241286827	0.145131354173928	0.3154564649848007	0.25364230039258634	0.13854511495514463	0.22023665383152943	0.1681899444248176	0.13406984758162174	0.16558803276177494	0.16039607301338918	0.15187654983698898	0.2917102680648299	0.15550116751515633	0.15090557048770145	0.1721262993862598	0.16059882002563738	0.2290650231608675
ec1083	0.34232685248652944	0.3357155792716094	0.32727300470619564	0.31946641078453575	0.3382132203854965	0.35462967327551503	0.3681773758334734	0.3186347499813849	0.3177696316415287	0.3233969613990507	0.3366489294149762	0.284404272344835	0.33334331200232287	0.32480456508469235	0.3669354306349243	0.34517875294879363	0.35287867890083446	0.32483335650951106	0.2329453412049567	0.3178012698304079	0.0	0.3384757602746553	0.3184389725191696	0.3463659046384647	0.2852851296786766	0.33487387778291294	0.32449982289942314	0.34276001811351714	0.3333603540141685	0.3395419926171572	0.33563376583531324	0.30809388607997756	0.3075490173668485	0.3424112846172954	0.3487538826312569	0.34990671289303277	0.32540505871447134	0.3363330238341764	0.32273609564701267	0.3183523607597131	0.3856801695721582	0.3226992124241085	0.3638554053742951	0.32199989915649213	0.3374292118180709	0.3268083798138487	0.2523805958020327	0.3231687577521972	0.361345867084388	0.3261420662458378	0.20112897446804953	0.36501196711650985	0.3228957795769644	0.14988224224908378	0.35375499619611617	0.3399368077534467	0.3726850743347389	0.326848487761853	0.33606417939332256	0.3457679093544743	0.3242035935864867	0.34647091930753576	0.12925522717644133	0.3471639262574317	0.3473845413722479	0.3409786825041024	0.3524294916847949	0.3955650473355759
ec1084	0.16704763573520331	0.1724983750375957	0.16311832091688722	0.19052167490313937	0.19955435628304763	0.19490320018428972	0.21517861780708938	0.15934318676716028	0.16517675079253874	0.18892151519673755	0.21741199083911794	0.20676335642570862	0.1761943051504009	0.14740286177085057	0.17053294465849578	0.16423185698266907	0.20908698143922785	0.1920991004549477	0.23831573135346143	0.17907231390130557	0.3384757602746553	0.0	0.17411702781115332	0.21860389149771972	0.20818321542019563	0.19527821682744306	0.17801552143856755	0.1913949731581992	0.17351175943549788	0.2123545549073386	0.15398887836183728	0.14640392291183837	0.18819676487376663	0.21695736418182784	0.20873126612577822	0.196245854574489	0.15762748014177674	0.1817995882952721	0.18861770661919394	0.20169790730536705	0.20218789877570054	0.170764044720373	0.22643362799750966	0.21590060907515146	0.2036990560134084	0.21499958722109477	0.25941022292220767	0.16810663227123654	0.2082628791831429	0.207819641754035	0.22080355326713577	0.20808053614551536	0.19207263329538105	0.31643463839338776	0.19875794048840367	0.1882902415987457	0.24403363478571072	0.12968393604621617	0.18162832569100118	0.2012465294805491	0.16413969281118973	0.20531371963039105	0.28568128873680937	0.17620618100714489	0.2088599001563099	0.18616385788452877	0.18126921327047993	0.2799275244889773
ec1085	0.16610398310319094	0.16140495579461767	0.11929007260228085	0.12049728126481275	0.1334210377523578	0.12856057059386067	0.2492726775996953	0.13058285220791496	0.11464000891996383	0.12679990866565893	0.16983917770750492	0.18245573277189914	0.17725013560208494	0.13459845299015602	0.24567042830761746	0.16589261626207677	0.1688300982287827	0.12515432424786893	0.2702263696410435	0.11586868462998595	0.3184389725191696	0.17411702781115332	0.0	0.14328289797340993	0.2004004440887087	0.14828671720919742	0.13699183384492505	0.12861446521023484	0.14317100863857543	0.1852139109885251	0.13594951598133145	0.1859178077193928	0.15514200198399603	0.1480955542391459	0.2125651968390678	0.19655284046326438	0.12321010245076162	0.12858823257218094	0.13956323245884092	0.1432480762213286	0.2537773246893931	0.14002288340231217	0.18505792028082993	0.23444232425565076	0.11740169221443982	0.16055777240158037	0.2403080629366574	0.13427323893150842	0.1421856910521581	0.14587038634649446	0.27007359450122476	0.13610622582239773	0.1458084621541382	0.3156949308000257	0.2499740501846464	0.1461235000179599	0.2158846385513612	0.1724564042927521	0.12195654731417974	0.16711824886177398	0.1614285389416038	0.15640800241223493	0.2944104656358753	0.14318576140180378	0.13758566179096332	0.16283433189230406	0.13884552625800087	0.22178903727619467
ec1086	0.16431496098270298	0.14524272188518814	0.16679468902303374	0.1554757247952341	0.13422340980607997	0.11455626112123925	0.26390943452215637	0.152415275284552	0.16846421110227208	0.12487076635738484	0.20635046033486565	0.20513550468587805	0.195270663981033	0.18258976732482474	0.2508741994232417	0.17540008685866554	0.14416325634102314	0.13810009489700534	0.29671299557836206	0.13457024649170812	0.3463659046384647	0.21860389149771972	0.14328289797340993	0.0	0.237362653225358	0.13118109347795914	0.1783863290906845	0.11878323642437028	0.19686803433493233	0.21131871775348077	0.1870019973416361	0.182408770236531	0.16294082337103993	0.1451864667256005	0.24404231931423895	0.1958080083754344	0.14416257873686142	0.14208455266453662	0.13363140545137184	0.18210848285775383	0.24499827064546867	0.16070384741764915	0.22077490676937406	0.25625962943010727	0.12922655278470124	0.15884766530692607	0.25979823937744656	0.1370903712623759	0.1815571239323593	0.1739060994315697	0.29877009466731935	0.1646276783817167	0.16984416070391867	0.34053809448578704	0.27743193996790916	0.1529749601528618	0.26234385263004917	0.2124198226004999	0.1335709900118944	0.18990827920375294	0.17632023539085898	0.17176158091870017	0.30237191957356185	0.15602904107074997	0.14321835283199053	0.1782697810024969	0.17512300326343164	0.2155254438125355
ec1087	0.24068864399236464	0.22750767010139808	0.2085252173235393	0.20971422192683023	0.2350241634841108	0.23571038949051495	0.2737816757049502	0.1918402318239604	0.19090483278263837	0.23069538238138765	0.230059908767689	0.1369217203146069	0.2216282189434328	0.19218318135600246	0.2477343839312264	0.23469466431709746	0.26738502469662717	0.20757118860835577	0.23845219035994408	0.20515080981116413	0.2852851296786766	0.20818321542019563	0.2004004440887087	0.237362653225358	0.0	0.24467312792632273	0.20123369615580144	0.2369064375485789	0.21461439528349785	0.17845642895657124	0.2179290694528539	0.19813988255274312	0.22048981748170135	0.2234634878918615	0.22434595057469736	0.23242731170764475	0.20595123918776018	0.23170178702157007	0.21483533389359394	0.17867705249838892	0.28510575130996035	0.20196217186403637	0.23222338788447644	0.22049641039567291	0.23034119952779938	0.2188072195197016	0.21939450408644298	0.21381334963911117	0.22460450236288076	0.20772645900848957	0.249407655569295	0.2434700157778316	0.20337024731298461	0.2627780772409913	0.2526919441843484	0.2202363929788151	0.24104562073467586	0.20167849649862185	0.228283844846001	0.23230542294592146	0.21550110204036443	0.22347008761043383	0.2732086509977296	0.2218341444850748	0.24727623689483705	0.21827851165112866	0.23985647741260552	0.2994189177814775
ec1089	0.15009012911407882	0.1725328831786814	0.1743472163352041	0.15202265066133083	0.14614994503814155	0.15013248276572239	0.2658119889847536	0.16416222445078646	0.16694747711665214	0.12637288535910066	0.20805143760644926	0.22594377138569813	0.18332668164594168	0.17267818500880264	0.24726013607392833	0.1753641253322806	0.1585537939164786	0.15476862499712865	0.28088571308167865	0.14871053004621734	0.33487387778291294	0.19527821682744306	0.14828671720919742	0.13118109347795914	0.24467312792632273	0.0	0.1848648855029654	0.14191074506192827	0.19133285993761218	0.23902694817487002	0.18127483356390744	0.17951665300622646	0.16485641720936117	0.17161924946081228	0.22843436018395885	0.2094000203302928	0.151919393400062	0.18016879661348137	0.15320451047200934	0.19706053589207717	0.24127714738885928	0.1706372373868656	0.23921660156070473	0.26483447114468534	0.16445364067018808	0.18280736480336418	0.25562586501728324	0.15151253111157226	0.2008080145574011	0.16793148704630173	0.2823832073116391	0.2014441185964053	0.16933708842394726	0.33730119141124937	0.2521546467020954	0.17395100164441965	0.26551300257249577	0.20531392731578768	0.15205126039555453	0.2006640831300492	0.1580654479545985	0.19691450135848415	0.28673309949888853	0.17483782047544982	0.1462661624833861	0.1892647456455229	0.18896966061488013	0.2192926563427615
ec1091	0.1763100600280536	0.16977921872651838	0.12768614717379106	0.1221250689602588	0.15864290758306465	0.16550625058960242	0.25468924894771566	0.13872353020376318	0.10471866065537204	0.14891142940264526	0.21081079421461962	0.17540025351464678	0.16018211513166897	0.14664934410096733	0.24534009350822691	0.15033316341355785	0.19410673939239861	0.13560394226096611	0.27916355680324423	0.14364481632564674	0.32449982289942314	0.17801552143856755	0.13699183384492505	0.1783863290906845	0.20123369615580144	0.1848648855029654	0.0	0.15102087592284807	0.1626450342786238	0.18798102922157578	0.1610121262169028	0.20431673622365248	0.19348094926426304	0.1534632222088556	0.22256411411738938	0.1701692572950791	0.14641146698642718	0.15240989692076806	0.15595278100977197	0.1283686393319876	0.2394126518377387	0.1703872275126771	0.18386899329726386	0.25736204037706983	0.15219741394915887	0.19418001460089368	0.23902671324044963	0.1619297511943947	0.17626568304594276	0.11821435686967069	0.2738776426597585	0.16959304525640984	0.13738959394340508	0.31740045153916135	0.23216648751397825	0.16936283983570097	0.21246992842405005	0.15518595703267662	0.15911852336577284	0.12013978267569116	0.14396713725515545	0.11746301645337791	0.28500160854597406	0.17092590484513487	0.1523776520472731	0.16604823740761515	0.17804385869084913	0.21842905139731839
ec1093	0.14171768813492167	0.12090080801378408	0.13866552727191322	0.14807681831716663	0.11377198818393953	0.12040066615289759	0.2277539134846463	0.12657900437717404	0.1366487112368193	0.11394072996721727	0.2083684383391748	0.20761254254149755	0.1714396271412922	0.1504546616735217	0.21157969843472862	0.13780033588449217	0.10986255539484055	0.1522909071339272	0.2816686834594868	0.14050226491431803	0.34276001811351714	0.1913949731581992	0.12861446521023484	0.11878323642437028	0.2369064375485789	0.14191074506192827	0.15102087592284807	0.0	0.16570393442757977	0.20917967685549269	0.1677984047896076	0.18094551215660531	0.15725567758159698	0.1429180684224636	0.21961982797084062	0.16875138006216775	0.11718130716168167	0.12131049551537589	0.14151452557978106	0.17408480402554039	0.22661428372927755	0.16112230481795614	0.20914556008650634	0.2529050145941547	0.11382634957204628	0.18803915889980427	0.24949942565822622	0.12606369954850216	0.1863616911227859	0.16115280364990683	0.2809667805486627	0.1494597187234947	0.17271545759216742	0.33734386646686515	0.2460734816605127	0.12777001258727685	0.2457368463221371	0.179911026983646	0.09775260167848313	0.1859001349461301	0.15131705900080708	0.15863387279868427	0.2891027187953148	0.1293392602362041	0.13693086890294076	0.16780039098510127	0.1445482570670867	0.21818230320968957
ec1094	0.2040648754789017	0.19252074336638972	0.1336264917033723	0.16213884101977274	0.17074979319098887	0.17433120392985935	0.24060801869179602	0.16302078480420906	0.14579107218530696	0.18374273266772506	0.16825266961795912	0.20059966140063265	0.19996689738009393	0.1511534117436473	0.25400118518680903	0.1824106000273929	0.20748125699093187	0.17194790137464339	0.2432074302481361	0.15581075454954574	0.3333603540141685	0.17351175943549788	0.14317100863857543	0.19686803433493233	0.21461439528349785	0.19133285993761218	0.1626450342786238	0.16570393442757977	0.0	0.19001079112951996	0.14962573506738522	0.19022239092571258	0.17866787484864893	0.18608689859034275	0.17611711685714515	0.22730278744836618	0.14330688019418883	0.16191532341414502	0.16015868098509617	0.1685954200987101	0.274279890473211	0.1513270407231453	0.17187585347053314	0.2106797154956989	0.1782712797223171	0.19981734225121917	0.21182523451289387	0.15092049043806213	0.14343979619877512	0.1717452701378234	0.2789704244841432	0.1632926803251629	0.1612283262177833	0.28721624263874235	0.2551756510045759	0.1677336848408623	0.17548172576477808	0.1716201824050963	0.15262619533868804	0.2028679159377743	0.18189519098458276	0.18856157923988334	0.3052764728637322	0.12277452567809337	0.19810521704674133	0.1875947027074027	0.14964892254214973	0.26494948470813
