	ec1254	ec1270	ec1278	ec1306	ec1322	ec1325	ec1341	ec1350	ec1353	ec1354	ec1357	ec1364	ec1367	ec1369	ec1372	ec1382	ec1384	ec1386	ec1388	ec1398	ec1401	ec1403	ec1404	ec1412	ec1416	ec1417	ec1419	ec1428	ec1430	ec1433	ec1436	ec1441	ec1449	ec1450	ec1460	ec1468	ec1489	ec1490	ec1492	ec1497	ec1498	ec1500	ec1503	ec1505	ec1508	ec1510	ec1511	ec1514	ec1521	ec1524	ec1525	ec1526	ec1529	ec1530	ec1534	eti112	eti122	eti124	eti126	eti146	eti147	eti149	eti153	eti154	eti156	eti161	eti164	eti165	eti166	eti167
ec1254	0	0.1438526203616413	0.3199420157252763	0.4688026934272719	0.50342003061301	0.5250146634386593	0.4042356110246261	0.524367783649523	0.4738806349613862	0.5928945031966419	0.5589057700009533	0.5334026148750591	0.5343479699500336	0.5493760145770185	0.537072604908027	0.5436884567633213	0.5108376912323589	0.4817574910721888	0.5501170980345573	0.5639840547232243	0.3613334747776498	0.5551618868853497	0.5489770454291495	0.5377103113333938	0.5390745884439415	0.2963949521734534	0.3558870587745446	0.5609774186557432	0.5548329069816885	0.5263574236970991	0.5593128008743496	0.5482378231110978	0.4329997854635199	1.206346719696314	0.4490959396812347	0.5128071099484061	0.7954303599046995	0.5513885780008867	0.5042159522259752	0.644135268696745	0.272150810774241	0.5394368142667938	0.4875688291021246	0.5716327235197549	0.5164326321090874	0.3799696872199215	0.4665959047253359	0.5539580586637809	0.543228151015181	0.5590206306214591	0.5527839898998073	0.6986929866772787	0.5754112394673706	0.4216935139265773	0.5951766053114809	0.5639770826760575	0.5227279739649056	0.4606185217104458	0.5510531780432713	0.5328481408189548	0.5409744196293851	1.135605805693029	0.5439818007013274	0.5461563381003445	0.3706907009488442	0.5099588883512696	0.3943677873766671	0.5580646431012521	0.4128936504606037	0.6251271513654668
ec1270	0.1438526203616413	0	0.2655479435204712	0.3867872180518622	0.4189420365379356	0.4467365556211472	0.325090380439705	0.4420980049083121	0.3884859123828477	0.5278484278345489	0.4749693275308184	0.4511820986103898	0.4504382828654833	0.4648883227533593	0.4551503303939849	0.4626834316499304	0.4342391453819082	0.4430719037992372	0.4674138978153687	0.4804355506876821	0.291919170167756	0.4702164160298602	0.4654572423913708	0.4543753129270247	0.4561883091126526	0.1874744188086473	0.2555936282260204	0.476767096888055	0.46889126076745	0.4426009423913863	0.4743582132603956	0.5805542692694816	0.4611987349420171	1.229507344029226	0.3869449018419584	0.4344705280458415	0.7160641261376716	0.467378999619069	0.4226851539274706	0.5579370768248774	0.2868658161969865	0.4580351286187881	0.399212088643679	0.4898397288010424	0.438033357036912	0.273041215491205	0.3888480696111074	0.4724795738277525	0.4627523359532112	0.4793269123015239	0.471319267210101	0.6089240967145723	0.4935027357195063	0.3527333889961634	0.5116987150333097	0.4793634973219957	0.4371868980066134	0.3772196519533966	0.4663857702640353	0.4517020483370931	0.4575387319379428	1.15830625570774	0.464433866670794	0.4630634734417032	0.2905876395851631	0.4271020219584204	0.3099319622701886	0.4758430602774265	0.3244522353179315	0.5455956587294123
ec1278	0.3199420157252763	0.2655479435204712	0	0.3250907654684663	0.3890597186169862	0.4111640723868725	0.2942579147020922	0.4084061894294159	0.3425002132356345	0.4152510283035402	0.4502027106022475	0.4203281100458036	0.4205474168501127	0.4362926134261374	0.4242424819891822	0.4345055009251414	0.3903028148681222	0.4570487001958866	0.4364193881302402	0.4468226027765312	0.2654236196716983	0.442252238904618	0.4336231655755713	0.4249877656371111	0.4295087930030265	0.2392825765729268	0.2721323486339812	0.4467263131252586	0.4410182070661692	0.4121750861458043	0.4465991516338805	0.4917440711220277	0.4010471474569623	1.236319672162101	0.2656447215500818	0.3894187250271094	0.6665929785249339	0.4392733444314543	0.3844520809370099	0.5117514703109081	0.2809612159926834	0.4271475014774833	0.3652551976588773	0.4613405822883605	0.3957359296223542	0.3993032741533726	0.3422870970225658	0.4437126682555062	0.4333337158779709	0.453249683910491	0.4441285998471778	0.5658180292179811	0.4487245333379167	0.334439277398608	0.4633409608936807	0.4510677344267628	0.3997143809073341	0.3340863278902019	0.4363512501812971	0.4184970269736105	0.4291689151975847	1.151336270439016	0.4323913853906879	0.4298168342924302	0.2605410994851458	0.3977145183503568	0.2972924813512813	0.4468276300221211	0.2916483951206831	0.4996300739446495
ec1306	0.4688026934272719	0.3867872180518622	0.3250907654684663	0	0.1388075756738403	0.1779601995823476	0.1762552020816742	0.1665380025355136	0.1167990755677308	0.3049443684681287	0.2050916183780401	0.1588551030836482	0.1831313947124659	0.1801253089954103	0.1855247531624848	0.1766316825210517	0.1497974976901603	0.4472106943031471	0.203626235063015	0.1854730189244368	0.2064887533542283	0.1954001898687107	0.1777042827586362	0.1823147800119554	0.1668999287571067	0.2412212216949184	0.1610889675432243	0.1855353153945124	0.1802286165107898	0.2394421652961609	0.1868228453135282	0.5949497460391149	0.5242004586478192	1.215188492947867	0.3292644662342286	0.274419431950661	0.4602467991002435	0.1993421900030006	0.1508816947198014	0.4566536015055858	0.4802526427457869	0.1934945206495174	0.1414198481475292	0.2268802113471228	0.1725999161955911	0.4553383161111794	0.120106318416951	0.2026619571984132	0.1979604928393906	0.2109818522971032	0.207821107914601	0.4991446290650461	0.1739726143172231	0.3850633553378293	0.2147423895854168	0.1904880193182812	0.1454017456558098	0.08500277740647923	0.1778851606725027	0.1770715980262325	0.1956786741920896	1.153614911112585	0.1970174400011647	0.1940971530663858	0.202863724085905	0.1661977553600308	0.1403782881937277	0.2122963585608462	0.160319602394103	0.2288486458154474
ec1322	0.50342003061301	0.4189420365379356	0.3890597186169862	0.1388075756738403	0	0.05879273733694203	0.2388379421904533	0.05574848837413174	0.07875633485564387	0.3122736208572973	0.09164803212800016	0.05587395952121691	0.05506676882866286	0.06395896177710124	0.0649328927167086	0.06904471984843036	0.05809846219662312	0.45365226838027	0.08147011694977194	0.08686730874013415	0.3016659499167164	0.07426770379506621	0.06238716604145523	0.05207677021481613	0.06015834206797826	0.2694161768166308	0.1911389536492321	0.07991693403651631	0.07008196173365265	0.2370508182469349	0.07577674039400573	0.6553730837647134	0.547938298830015	1.264667416308809	0.3607366952451596	0.2713680978222623	0.5054632381241362	0.08139047953680649	0.05079042681081595	0.5142960944791414	0.5334466301647792	0.06842344961764722	0.04873468366162621	0.09834291738684868	0.08189957391188843	0.538913607736654	0.1183820264022705	0.08416672201528597	0.08098086042169296	0.09804880911556123	0.08876376752988557	0.5272353422330955	0.09859009990778454	0.4105091507380769	0.2185059978840608	0.08103806991530738	0.02909752675386031	0.09595873860045188	0.05850255896537068	0.06261567279462771	0.0676267580053887	1.209773549913827	0.08196728198074195	0.07043479998358385	0.2316419508067652	0.06956674918113988	0.1592571971592259	0.08888161180265451	0.1911152866348012	0.1749179295077217
ec1325	0.5250146634386593	0.4467365556211472	0.4111640723868725	0.1779601995823476	0.05879273733694203	0	0.2786039735770837	0.03861056609140499	0.09982186040390542	0.3207638289234276	0.07226874370167917	0.05247441280691925	0.05024042277994769	0.05147765963667662	0.03625935552011756	0.04879023444466241	0.05318023300612338	0.4555760746158178	0.05858932797304989	0.07139758313851596	0.3372166462006856	0.05427584093892588	0.04862316530658067	0.04643342856588284	0.05492734554893264	0.3055615573380707	0.2258286770698808	0.06274804517869961	0.05640348889215775	0.2390895512720081	0.06069898423422608	0.6608624629933909	0.5590926752562763	1.264367718615201	0.3829536940712542	0.2578047335417792	0.5063985128373041	0.06114697223367303	0.06952925904044828	0.5531148743566224	0.5664640144751115	0.05081774528959453	0.08390608238833203	0.08542209896315558	0.09506179943213836	0.5691891411084607	0.1411700555151227	0.06475165622648997	0.06117084111705688	0.07922103790835072	0.06874512153892838	0.5663910052730432	0.08692969020832254	0.4185391990705474	0.2478832962618409	0.06270003249117978	0.05356769085000156	0.1271622991700166	0.05112629419458629	0.0540086208224194	0.05573254567787947	1.205179496094944	0.06095073396210829	0.05567339099887803	0.2707395518318222	0.09102626801366807	0.2016706479661912	0.06897722261545895	0.2307701293744762	0.1843263627614395
ec1341	0.4042356110246261	0.325090380439705	0.2942579147020922	0.1762552020816742	0.2388379421904533	0.2786039735770837	0	0.2827483340037291	0.2193125572888184	0.388746607240621	0.3067274788909118	0.2838613709852584	0.2675566140998805	0.2885833209756837	0.2794821183688473	0.2951096697985264	0.2651180765426985	0.4644607990137172	0.2851693134341999	0.3091391380295777	0.1642034704747925	0.2936120184539721	0.283080372185388	0.2765726034548411	0.2867840835442185	0.1701868970995303	0.1233260041201386	0.3016351788228055	0.2962262279567787	0.274892911220758	0.2997107328024934	0.5972004597854572	0.5129776094114344	1.231059707312181	0.3255916394932553	0.2765539835969634	0.5040154007978166	0.2930701721593164	0.2522504312403213	0.4466298720195592	0.4207344565974471	0.2803529070812995	0.2256937009500358	0.3055181024029532	0.2791216474771317	0.4075580674709435	0.2163826467570162	0.2983487049294615	0.2867739034908945	0.3108900190537784	0.296801726466199	0.4740846458316379	0.2841852872915992	0.3838418247045601	0.2633290802394473	0.3064769501197573	0.2562713498425694	0.2102824529438307	0.2853103059948487	0.2775711819788022	0.2735664770226923	1.163597766565732	0.2902525920363745	0.2829219173600809	0.1384223649253973	0.2426902417607657	0.1280394753351026	0.2996589019030278	0.1424086339812697	0.3265654152499918
ec1350	0.524367783649523	0.4420980049083121	0.4084061894294159	0.1665380025355136	0.05574848837413174	0.03861056609140499	0.2827483340037291	0	0.1030508351816131	0.3225458291246763	0.06864578186358571	0.03024278191143195	0.05224674221612222	0.0385301408698794	0.04859576430790222	0.0385542787894236	0.06335262791479632	0.4565122333104891	0.06863629700137966	0.05358472776950855	0.3315285851852693	0.06180883147010167	0.04765247115626219	0.04447481684166081	0.03424314702695311	0.3014000532335162	0.2222474219586996	0.04767194365492014	0.03943693517063757	0.2365158561695757	0.04551763985532969	0.6544521312334558	0.5519993338544862	1.266449760575983	0.3756602578584972	0.2718003397905631	0.5109505888633487	0.06732779093327414	0.07667537177851499	0.554318299914447	0.5565672787409948	0.05803083265351645	0.0828308204616902	0.09357250193585605	0.08170920555643478	0.5597979339118273	0.139550927218846	0.07195045799272808	0.06746282078099984	0.07488994702404966	0.0760503542858406	0.5682725184167282	0.09203046419697929	0.4085746156195809	0.2532050832454604	0.05689484630447684	0.05267804107922101	0.1079572579661631	0.04577675642417638	0.05743651348074821	0.06261532355305828	1.201592635462355	0.06812617359863464	0.06167217004912703	0.2679712687256606	0.09555642620260271	0.2043067568906421	0.07588133530921597	0.2327345535789834	0.1899834242844047
ec1353	0.4738806349613862	0.3884859123828477	0.3425002132356345	0.1167990755677308	0.07875633485564387	0.09982186040390542	0.2193125572888184	0.1030508351816131	0	0.2979991130855555	0.1360250154513975	0.1023658683585378	0.1051728085330286	0.1165372194869684	0.1036763464171844	0.1222634006599764	0.08289684936880069	0.4422713137494699	0.1183565123674655	0.1375199214413803	0.2746493407391608	0.1200967855698566	0.1124095211556713	0.1083422005465608	0.120051108287327	0.2428562802269239	0.1767465174910811	0.1315362796011824	0.1274610862299096	0.2329368488565042	0.1306207015068604	0.635115689793477	0.5262522267366871	1.247757352810182	0.3286746935920746	0.2515116777377629	0.4883232817198535	0.121409347309123	0.06708384285680283	0.5012467024794292	0.5061175280154726	0.1083963073896791	0.05850242022380769	0.1438050631822564	0.1075934700460467	0.5068689981586786	0.0885562869852924	0.1267356240837423	0.1230774252116427	0.1414586635292328	0.1292217990699495	0.5134385470604617	0.1401510572236997	0.3907765128844139	0.1982741041226696	0.1323538170970672	0.0731320108748718	0.06124799121940235	0.1141964566486412	0.09804733165200739	0.1137416187063044	1.184994620771961	0.1212609991403801	0.1138045510017495	0.206575307025845	0.08602524627928462	0.1422208196322226	0.1266402914094102	0.1692801382386475	0.1952858455411981
ec1354	0.5928945031966419	0.5278484278345489	0.4152510283035402	0.3049443684681287	0.3122736208572973	0.3207638289234276	0.388746607240621	0.3225458291246763	0.2979991130855555	0	0.3443977900634944	0.3363011438599772	0.3143530611161436	0.3305024981298692	0.3195311860225845	0.33783098481709	0.3166630135483273	0.574775916938278	0.3233125652177635	0.3430127847637893	0.4043119922028219	0.3305652669750724	0.32297622285963	0.3110934674217271	0.3401430597719041	0.389044871653061	0.3605388581538957	0.3424968144180985	0.3402652638256334	0.3775912381889208	0.3410091732426014	0.4987261412346509	0.538578784779339	1.359454737435309	0.3408581435252168	0.3919283325215171	0.5988391181740763	0.331136916968754	0.318003014192754	0.6448167809206518	0.4820019543434119	0.3192477378640948	0.2997820750006862	0.3373669461313683	0.3122419732873568	0.6588391458807881	0.289475652186081	0.3377864393742782	0.3291063735543396	0.3491804423590282	0.3346988016417689	0.6693639410355511	0.3229238965778309	0.4670380990359587	0.3843240138253542	0.3438008989780001	0.3206126520909208	0.3138064071649609	0.3280501113954775	0.3295618103336792	0.3181998137542352	1.288382503494051	0.3285808142934227	0.3194548419863402	0.3726477738601252	0.3007161501308191	0.3144838558921584	0.3326486763980907	0.3287606661069717	0.3684279955748884
ec1357	0.5589057700009533	0.4749693275308184	0.4502027106022475	0.2050916183780401	0.09164803212800016	0.07226874370167917	0.3067274788909118	0.06864578186358571	0.1360250154513975	0.3443977900634944	0	0.06022084347107057	0.05218096637937152	0.04362676342709852	0.06511849577839128	0.03975196766661814	0.1039697551891355	0.4651981561006932	0.04150054542082482	0.03814256896216795	0.3562839684244096	0.02576026204536998	0.0463577748427577	0.06137702164136361	0.05179600246337344	0.3361183924971507	0.2540847453747055	0.03211360352850194	0.03963879042554743	0.2569299298454638	0.03347403723248523	0.6760641967867685	0.5737985690264058	1.272479726527654	0.408169706937715	0.275937917822488	0.5184256680555349	0.02938986756917043	0.09508278034160146	0.5762334566020508	0.5867961681315523	0.05214121667824005	0.1149990338715862	0.05524706010921044	0.08558707252210793	0.5912317863734812	0.1688404446631633	0.0334458677258813	0.05044393243808697	0.01199241959411248	0.03704502977451212	0.5893336703029396	0.08572011057250375	0.4362609807041809	0.2765403715549738	0.03252186970902171	0.0840904277614378	0.1465451992623889	0.05165129208238736	0.05377295060231727	0.05501929612992706	1.224049874097795	0.05698218116794993	0.04009494075961587	0.299649198998054	0.118510873194439	0.2279058649702388	0.03381938003324565	0.2542343697165442	0.2044643377994814
ec1364	0.5334026148750591	0.4511820986103898	0.4203281100458036	0.1588551030836482	0.05587395952121691	0.05247441280691925	0.2838613709852584	0.03024278191143195	0.1023658683585378	0.3363011438599772	0.06022084347107057	0	0.04765996375864857	0.03793966174079511	0.0530494407137167	0.03153573192119923	0.05964808710434717	0.4575351858984924	0.06757546167985727	0.0446313011971138	0.3329471293112368	0.05745186971204246	0.04732733300163993	0.04985090803069179	0.0231132270403641	0.3127126671720699	0.2242953338876156	0.0398781155737746	0.03667974354083368	0.24049204752448	0.04097193527381097	0.6636207076070108	0.5611315501106696	1.267155889490576	0.3745903577805909	0.2725172409550063	0.5134878490484162	0.05921874393490978	0.06384752224303726	0.5544980006866975	0.5626036530391306	0.05254857865594191	0.08357916739664485	0.09080345286399856	0.07607966978013997	0.565875847108362	0.1387411753582178	0.06190897067565349	0.06288230628987508	0.06425327397880531	0.06791124273883607	0.5678095493491938	0.08815312153463785	0.421201935829105	0.2462747189232739	0.04988057335874729	0.04300202367225399	0.09435937487938756	0.04124696396118169	0.03436155887074498	0.06224538726027367	1.216529650821561	0.06031457968835639	0.05437314080853992	0.2766506922809226	0.09935018418584314	0.2050174160412584	0.07057737415511081	0.2319211192850265	0.194198518363573
ec1367	0.5343479699500336	0.4504382828654833	0.4205474168501127	0.1831313947124659	0.05506676882866286	0.05024042277994769	0.2675566140998805	0.05224674221612222	0.1051728085330286	0.3143530611161436	0.05218096637937152	0.04765996375864857	0	0.03957481996454954	0.04141953325590578	0.04331036296955239	0.08018609335948289	0.4558885992119323	0.04181090811893009	0.06403528435606853	0.3339360410568458	0.04112485189123136	0.03930280877494342	0.02895308004395351	0.04111798591466967	0.3008286362654783	0.2291522347837228	0.05423054999898197	0.04902182194110095	0.2506521328164068	0.05363913369003171	0.6625241621873815	0.5591832492438568	1.265709087509867	0.3820245087508443	0.2682240039336852	0.502093792359208	0.04136342010371934	0.06801678972695452	0.5406007176471747	0.5628929604159425	0.02806153291468115	0.07299123244433224	0.05737598525472868	0.08686460667028302	0.5670237985301317	0.1386244340326142	0.04363420787988214	0.04258772168277039	0.05665518299015877	0.05059476128229161	0.5555197755453516	0.05733418192312235	0.4195146112332653	0.2393381963343602	0.05806579864487058	0.05282342569128136	0.13232906078786	0.03560560455209899	0.03441663455219313	0.02805124809424319	1.213710041190286	0.04498777222279035	0.02844825964924971	0.2574029525723979	0.07549573188772689	0.1845011734322679	0.04679570056386744	0.2160378390980354	0.1718420836428761
ec1369	0.5493760145770185	0.4648883227533593	0.4362926134261374	0.1801253089954103	0.06395896177710124	0.05147765963667662	0.2885833209756837	0.0385301408698794	0.1165372194869684	0.3305024981298692	0.04362676342709852	0.03793966174079511	0.03957481996454954	0	0.0455137253512552	0.02069817469835903	0.07452782468215959	0.4609093342287516	0.03913116075802072	0.03172461044143061	0.3490427749308559	0.03310297778324259	0.01633713733591562	0.03460408703563462	0.02695957892093152	0.316978849441986	0.232478867560822	0.02454843409604479	0.01714103820124325	0.2418912764880236	0.02011142280509819	0.6723523832677597	0.568510665622877	1.272680064615358	0.395707190949313	0.2803420462537292	0.5134923029015844	0.0392977918958632	0.08778150108882782	0.5580532519824011	0.5785537704757129	0.04046706177925881	0.09605437664760043	0.05989764349576984	0.1012938911616765	0.5839020535507398	0.1621433358285344	0.04450654247015394	0.04345153054328687	0.04991209892660136	0.04734939292625526	0.5725517545335198	0.07447202588647542	0.4304197952784756	0.2578844219262307	0.03023697818034559	0.0578729859120294	0.1198222652254977	0.02040407410445398	0.05357097888301245	0.03677262565815748	1.221090128800395	0.04730470885922276	0.03481943883161553	0.2812925533557741	0.09915781335183796	0.2093064143694399	0.04834532934827314	0.238415089419313	0.1901290185126407
ec1372	0.537072604908027	0.4551503303939849	0.4242424819891822	0.1855247531624848	0.0649328927167086	0.03625935552011756	0.2794821183688473	0.04859576430790222	0.1036763464171844	0.3195311860225845	0.06511849577839128	0.0530494407137167	0.04141953325590578	0.0455137253512552	0	0.04842896812791685	0.07284784033332825	0.4559285989339672	0.04255569182927905	0.06520155952686621	0.3431387587056189	0.04338522352535008	0.03870587776029807	0.03755046251496072	0.05498224615892815	0.308897754611158	0.2311633234358383	0.05703061922831577	0.0524411752471416	0.2447153627382343	0.0542490554234519	0.6612549139088523	0.5561434217640472	1.265129935670525	0.3875588029410113	0.2660406612848902	0.5051279634797029	0.05260227636577468	0.0735365104026042	0.5529594736018847	0.5696428748821325	0.04202318890622622	0.08818034947026818	0.06972312851973482	0.09987356030721521	0.5736355787652525	0.145414317936994	0.0560183024040189	0.04819719686422502	0.07215372589952732	0.05662487564440483	0.567586224338112	0.07121799338734315	0.4180465571394546	0.2494945537067144	0.05836198629578608	0.05809660749458916	0.134892433445537	0.04749833588970023	0.04989926414935242	0.0424728171270618	1.202259170805905	0.0510896097653032	0.04552091150238442	0.2722091797550202	0.08795062006239662	0.2004287148085053	0.0574928475685052	0.2317043239433952	0.179143297282848
ec1382	0.5436884567633213	0.4626834316499304	0.4345055009251414	0.1766316825210517	0.06904471984843036	0.04879023444466241	0.2951096697985264	0.0385542787894236	0.1222634006599764	0.33783098481709	0.03975196766661814	0.03153573192119923	0.04331036296955239	0.02069817469835903	0.04842896812791685	0	0.07498979625279784	0.4574213003416115	0.04414810195677235	0.02936989097887478	0.345698868804997	0.0352354672508597	0.02466594406184414	0.04010906402233127	0.02283371573141845	0.3235502700381482	0.23502902395116	0.02311817087689916	0.01880029641389346	0.2392993811504952	0.02448363231676103	0.6703067421872633	0.5669594485700664	1.269377254989289	0.3959012304380942	0.2746646340327578	0.5143607018144706	0.0384585257847535	0.08486013212196687	0.5660069146994564	0.5757449936947298	0.04131523498021341	0.1011491838959313	0.06939332157487925	0.09647137060095953	0.5778450988205743	0.1576645596337849	0.04375299739591183	0.04126777671822652	0.04586885436870607	0.04846867474586176	0.5793805043983087	0.08035058860473306	0.4256094555959036	0.265249624275203	0.02789515904097014	0.06384945201237269	0.1186396858934038	0.02689847804062321	0.05155247430936207	0.04358716317848707	1.217474784799794	0.04606683988957051	0.03533858851024482	0.2880798620853521	0.1063107830968102	0.2161232070559733	0.05021840287746503	0.2434716132747046	0.1970030610778487
ec1384	0.5108376912323589	0.4342391453819082	0.3903028148681222	0.1497974976901603	0.05809846219662312	0.05318023300612338	0.2651180765426985	0.06335262791479632	0.08289684936880069	0.3166630135483273	0.1039697551891355	0.05964808710434717	0.08018609335948289	0.07452782468215959	0.07284784033332825	0.07498979625279784	0	0.4520803883670683	0.09514826945461814	0.0943312320164042	0.3251208726453536	0.089817235128927	0.07479991136953136	0.07741318656692507	0.07384940689274881	0.293983485191525	0.2104429068826562	0.08693003938846736	0.08072120336467817	0.2335377207509272	0.08364620415289252	0.6527622257420237	0.5508331843387785	1.258230326963743	0.3651311880355079	0.2422246328269047	0.4998231964756499	0.09611852160166937	0.06387151959014775	0.5365100910917683	0.5537118544954475	0.0857903239942721	0.06855745591609684	0.1185221878052228	0.08497999055557434	0.5579370983352809	0.1265601097661986	0.1006851004847014	0.09815772396010913	0.1100149774733353	0.104011438163181	0.5511486131484012	0.1188861113680679	0.4116898645493696	0.231684899053687	0.08863006218992663	0.05581565856434022	0.09681219956075811	0.07049961172297213	0.07521272495891602	0.08968452088235342	1.200070742304378	0.09603420127889148	0.09028112553156696	0.2592449257784414	0.08190474689748703	0.1883513055275977	0.1068870212919171	0.2183805690931176	0.1770747715182888
ec1386	0.4817574910721888	0.4430719037992372	0.4570487001958866	0.4472106943031471	0.45365226838027	0.4555760746158178	0.4644607990137172	0.4565122333104891	0.4422713137494699	0.574775916938278	0.4651981561006932	0.4575351858984924	0.4558885992119323	0.4609093342287516	0.4559285989339672	0.4574213003416115	0.4520803883670683	0	0.4628670830134154	0.4626657280904065	0.4639253905603998	0.4614106763693288	0.4557999872361947	0.4616075377026269	0.459282296167334	0.4462024583022438	0.4336708635185479	0.4665571772027452	0.4627527541981216	0.2702163007266005	0.4653118351548997	0.5899412928148952	0.5002270153302242	1.185699687669887	0.4728072428014518	0.4453965004271264	0.7079441405140998	0.4610396372231302	0.4515466188146617	0.6297517434934818	0.5088575617500551	0.4579502481400288	0.4520926199074903	0.484391705917779	0.463567143321015	0.5411068174153171	0.4399950009882465	0.4640379963125763	0.4544173569253866	0.4694765929845537	0.4630952960119628	0.6725747186002118	0.4737222607653233	0.4162116400698972	0.5363324311803641	0.4695849569683844	0.4569380427639075	0.4390369719330806	0.46400198696974	0.4576390544611746	0.4602031659915404	1.137641873377169	0.4582794931093815	0.458907213700747	0.4351232733856251	0.4516865001153982	0.443160222141117	0.4699383605021708	0.4227534131023193	0.5320009282770148
ec1388	0.5501170980345573	0.4674138978153687	0.4364193881302402	0.203626235063015	0.08147011694977194	0.05858932797304989	0.2851693134341999	0.06863629700137966	0.1183565123674655	0.3233125652177635	0.04150054542082482	0.06757546167985727	0.04181090811893009	0.03913116075802072	0.04255569182927905	0.04414810195677235	0.09514826945461814	0.4628670830134154	0	0.04806690618924276	0.3518560290226951	0.02475871170243565	0.03434647734276884	0.04662067949569635	0.05863510927953997	0.3171033757065751	0.2492592490588813	0.03613049573702549	0.04181900455803268	0.2559346027212985	0.03997868767131893	0.668760580532979	0.5679168147130413	1.263590480052017	0.3955140004244351	0.2715355611882047	0.5050230190863771	0.02354213223988999	0.07600393552504291	0.5595351272250534	0.5791517195453689	0.02873787195531685	0.09180107764695496	0.0379722359732845	0.1077296926552483	0.5812326679194373	0.1585821896909919	0.02814279586926646	0.03138947190796851	0.04447441679414326	0.02446555305527052	0.5731905879196665	0.0669513542001782	0.4276699558451266	0.2516089470864952	0.03816085721479991	0.07195201742074211	0.1514890545281233	0.04281922026486324	0.05148881899503923	0.03128523707536512	1.213798849704949	0.03381766983604823	0.02947625762815946	0.2800419328600384	0.09412958520825956	0.2081365250435365	0.02693423523470693	0.2346913128690388	0.1791160763500668
ec1398	0.5639840547232243	0.4804355506876821	0.4468226027765312	0.1854730189244368	0.08686730874013415	0.07139758313851596	0.3091391380295777	0.05358472776950855	0.1375199214413803	0.3430127847637893	0.03814256896216795	0.0446313011971138	0.06403528435606853	0.03172461044143061	0.06520155952686621	0.02936989097887478	0.0943312320164042	0.4626657280904065	0.04806690618924276	0	0.3537619471178116	0.03615036812996307	0.03536425818528689	0.05772071670941752	0.02810402256689708	0.3376646363493164	0.2525589559140099	0.01577979122227564	0.01854091693742883	0.2472001671936302	0.01616591479641322	0.673800697301762	0.5785742803550085	1.270849492288835	0.4080676399869699	0.2896127400517548	0.5225503448643011	0.04119605437926913	0.1052159458117204	0.5746297018788754	0.5881346340757673	0.06227069295501902	0.1203982102720359	0.06679565363126713	0.1126245658027343	0.5906864354964706	0.1792089130195668	0.04878501765596615	0.05452667229751131	0.04434583005770885	0.04747688407268458	0.5888542557422028	0.08738992183149087	0.4403462570563942	0.2807640158762572	0.02686053136556651	0.08103005889706939	0.1307587237076744	0.04311745037868745	0.07061446686090815	0.06147409844790871	1.222400222120307	0.06167743966180617	0.05470755766643516	0.2983819045580182	0.1234424690507171	0.2331036774663746	0.05098635654123803	0.2522227347094698	0.20440815388452
ec1401	0.3613334747776498	0.291919170167756	0.2654236196716983	0.2064887533542283	0.3016659499167164	0.3372166462006856	0.1642034704747925	0.3315285851852693	0.2746493407391608	0.4043119922028219	0.3562839684244096	0.3329471293112368	0.3339360410568458	0.3490427749308559	0.3431387587056189	0.345698868804997	0.3251208726453536	0.4639253905603998	0.3518560290226951	0.3537619471178116	0	0.3532079445328388	0.3441310708153671	0.3388823231451289	0.337155365032691	0.1571591969622495	0.1671098532910441	0.3568951077992418	0.3521574861094172	0.319641665007225	0.3566354510152843	0.5083518804207789	0.4942099184029129	1.171933374569201	0.30290172641986	0.3197475886601954	0.495926201511442	0.348488603988434	0.3078999450376996	0.40583980222852	0.3771719451985815	0.3428594287786426	0.2918892338402957	0.3742319059345384	0.3024196124368599	0.3450122178398559	0.2671892197644826	0.3525880969059588	0.3409496952076488	0.3580615699439075	0.3528219107215856	0.4832992311595337	0.3036097253689942	0.3619429089374474	0.348052997726466	0.3603701011218204	0.3199787402314634	0.2590796555852505	0.3503776134793842	0.3302390172775158	0.3423857095089992	1.0976893403231	0.3458584828196961	0.3443133046565264	0.1738107015697004	0.3139941994361496	0.1980011689756986	0.3547309415369322	0.2072233395559824	0.3276097050301796
ec1403	0.5551618868853497	0.4702164160298602	0.442252238904618	0.1954001898687107	0.07426770379506621	0.05427584093892588	0.2936120184539721	0.06180883147010167	0.1200967855698566	0.3305652669750724	0.02576026204536998	0.05745186971204246	0.04112485189123136	0.03310297778324259	0.04338522352535008	0.0352354672508597	0.089817235128927	0.4614106763693288	0.02475871170243565	0.03615036812996307	0.3532079445328388	0	0.02999054771959331	0.04125797047846957	0.04898319631789684	0.3242378844028813	0.2424237473334891	0.02662674230090254	0.03131441786486534	0.248919692531909	0.02461092279754239	0.6728772478219519	0.5703001653885726	1.270068459761471	0.3969336115874143	0.2724611775850325	0.509714736633843	0.018329537423384	0.08132384815616685	0.5656065957721448	0.5831572286101405	0.0352067716060717	0.09975100500190949	0.0397586008678472	0.1046168643098093	0.587295322835564	0.1582340507248638	0.02397319353765086	0.0339844323573906	0.03429267453521342	0.0214793194657587	0.578844780415025	0.07189774668360482	0.4326323330032015	0.2604716817635261	0.02328429825001811	0.06665527835911332	0.1418895203023988	0.03760606119234907	0.04493208635480989	0.03574009827334658	1.22071705557881	0.04031899767245188	0.02851762720706451	0.2873448880389075	0.100359715899091	0.2127361959849816	0.01930123095503717	0.2418609954954878	0.1889632680302687
ec1404	0.5489770454291495	0.4654572423913708	0.4336231655755713	0.1777042827586362	0.06238716604145523	0.04862316530658067	0.283080372185388	0.04765247115626219	0.1124095211556713	0.32297622285963	0.0463577748427577	0.04732733300163993	0.03930280877494342	0.01633713733591562	0.03870587776029807	0.02466594406184414	0.07479991136953136	0.4557999872361947	0.03434647734276884	0.03536425818528689	0.3441310708153671	0.02999054771959331	0	0.02888718499206559	0.03505691608282634	0.3138875224498072	0.2304229954519397	0.03086187587325133	0.02388411570326739	0.2368765631067913	0.02620219358138698	0.6665371101799712	0.5650823559035488	1.268792436746035	0.3929749792135769	0.2798706730528754	0.5074947021214342	0.03679834174543027	0.08632509767779642	0.5514625749705897	0.5746810705554712	0.03879501697682503	0.09436672693872884	0.0549223022257321	0.1034539405269722	0.5802574724172918	0.1602893254489131	0.04286674776157007	0.03748227573666537	0.05391633244143607	0.04476605497108904	0.56529502068086	0.06716554262082604	0.4264053076763354	0.2530414805356015	0.03256448155391668	0.05620336902857656	0.1278150071217401	0.02135728263879364	0.05182035690925744	0.03065536740427759	1.214056979193181	0.0445627551276719	0.03154346934428075	0.2736282814600006	0.09387486680935557	0.2046387051775509	0.045010332979333	0.2310397720748638	0.1822058046460673
ec1412	0.5377103113333938	0.4543753129270247	0.4249877656371111	0.1823147800119554	0.05207677021481613	0.04643342856588284	0.2765726034548411	0.04447481684166081	0.1083422005465608	0.3110934674217271	0.06137702164136361	0.04985090803069179	0.02895308004395351	0.03460408703563462	0.03755046251496072	0.04010906402233127	0.07741318656692507	0.4616075377026269	0.04662067949569635	0.05772071670941752	0.3388823231451289	0.04125797047846957	0.02888718499206559	0	0.03916114253649759	0.3002021802033861	0.2238557763823434	0.05075913134773384	0.04034394985242653	0.2450530072871422	0.04549626680064367	0.6626159488672009	0.5557947488206229	1.273823048448946	0.3861067415944698	0.2815332106295032	0.509804706197296	0.05164417108645981	0.08293011733815243	0.5444552940508536	0.5639410647842165	0.03808112339447962	0.08034612780011341	0.05994149043102209	0.09803745469483485	0.5694145286458502	0.1502241102849927	0.05492199557911846	0.04798608208459357	0.06909025122356631	0.05698759690118217	0.5620939701425561	0.06475900036259458	0.4199242245024943	0.2492904614273176	0.05071828093134335	0.0506215315504942	0.13148719964409	0.02824751698288032	0.04980512900973594	0.02688025475076486	1.213097062242368	0.05157193792819491	0.04004540709762797	0.2594407078083894	0.07840400772578054	0.1883267982171268	0.05390118622431862	0.2231845171969387	0.1770858984637174
ec1416	0.5390745884439415	0.4561883091126526	0.4295087930030265	0.1668999287571067	0.06015834206797826	0.05492734554893264	0.2867840835442185	0.03424314702695311	0.120051108287327	0.3401430597719041	0.05179600246337344	0.0231132270403641	0.04111798591466967	0.02695957892093152	0.05498224615892815	0.02283371573141845	0.07384940689274881	0.459282296167334	0.05863510927953997	0.02810402256689708	0.337155365032691	0.04898319631789684	0.03505691608282634	0.03916114253649759	0	0.3176787516024975	0.2287826269181524	0.03073367199872834	0.02006046770762127	0.2418069801146034	0.02846115892111801	0.6703783896802495	0.5661750883962197	1.272281116157715	0.3911413847850632	0.2808326197216549	0.5193214547836256	0.05189351656030627	0.083280793466007	0.5583188285627774	0.5686345095115275	0.04772491244875093	0.0955972886953748	0.08088158981726663	0.09336770858537473	0.573793535956733	0.1544004418480515	0.05611526508959395	0.05169056596714126	0.0577944512492773	0.05949236900252076	0.571385772633437	0.08402314093589841	0.4283412753784993	0.2603270649252648	0.03953374426529169	0.0592080013329682	0.109026859719573	0.03307612575561107	0.04821031203717643	0.04974448044181821	1.221647561032001	0.05416291967194704	0.04913447760793602	0.2817013006685516	0.1021606716367618	0.2092431996020413	0.06451781195394016	0.2362099763183849	0.1988908315015898
ec1417	0.2963949521734534	0.1874744188086473	0.2392825765729268	0.2412212216949184	0.2694161768166308	0.3055615573380707	0.1701868970995303	0.3014000532335162	0.2428562802269239	0.389044871653061	0.3361183924971507	0.3127126671720699	0.3008286362654783	0.316978849441986	0.308897754611158	0.3235502700381482	0.293983485191525	0.4462024583022438	0.3171033757065751	0.3376646363493164	0.1571591969622495	0.3242378844028813	0.3138875224498072	0.3002021802033861	0.3176787516024975	0	0.1102798676386657	0.3331426085366543	0.3253171253843748	0.300035601055492	0.3296187488841184	0.5901728055464459	0.4815897385034052	1.238382274813814	0.298668785738283	0.2983918767057497	0.566409098136709	0.3239233742152081	0.2810402348152103	0.450388700043749	0.3174004375959715	0.3108002859545802	0.2505055852959542	0.337960334510964	0.2929335472210136	0.3045021902400182	0.243468554589988	0.3295503350846228	0.318108632495044	0.3397450111297786	0.3279728044581352	0.4737449321701768	0.3400720664758088	0.3527956620916345	0.3543915915347117	0.3359855643766341	0.2874232364361057	0.239272741312196	0.3167964259588132	0.3087564890304469	0.3056892451516253	1.164745243183163	0.3188099571325743	0.3113924999133155	0.1249898739024161	0.2742197410452091	0.1570245074027344	0.3282370675928807	0.1714556426531166	0.3912886313196238
ec1419	0.3558870587745446	0.2555936282260204	0.2721323486339812	0.1610889675432243	0.1911389536492321	0.2258286770698808	0.1233260041201386	0.2222474219586996	0.1767465174910811	0.3605388581538957	0.2540847453747055	0.2242953338876156	0.2291522347837228	0.232478867560822	0.2311633234358383	0.23502902395116	0.2104429068826562	0.4336708635185479	0.2492592490588813	0.2525589559140099	0.1671098532910441	0.2424237473334891	0.2304229954519397	0.2238557763823434	0.2287826269181524	0.1102798676386657	0	0.2463526705760044	0.2373554850264522	0.2195063218544324	0.2432819775912959	0.6224518376268786	0.5068815336474951	1.234043980336273	0.3276136710462312	0.2448533267550935	0.486984535845631	0.249102284920166	0.2109948598342862	0.4344644197425531	0.360036550034874	0.2419708245150984	0.1900231330531532	0.2687529591046522	0.2417663526718937	0.3722254881114495	0.1877347906428566	0.254296005037696	0.2471890430526509	0.2615361042077388	0.2564533616715062	0.4761331661091802	0.2706541815554854	0.3714558731380737	0.2937190479460045	0.2499401396878895	0.205363810737802	0.1500536810101871	0.2336864660503833	0.2329895411005805	0.2345960187647768	1.178116528110719	0.2502127681770548	0.2440683117531249	0.09497715672529264	0.1898597487298207	0.08701904673111979	0.2585403475965388	0.08944859133497397	0.3204970931786635
ec1428	0.5609774186557432	0.476767096888055	0.4467263131252586	0.1855353153945124	0.07991693403651631	0.06274804517869961	0.3016351788228055	0.04767194365492014	0.1315362796011824	0.3424968144180985	0.03211360352850194	0.0398781155737746	0.05423054999898197	0.02454843409604479	0.05703061922831577	0.02311817087689916	0.08693003938846736	0.4665571772027452	0.03613049573702549	0.01577979122227564	0.3568951077992418	0.02662674230090254	0.03086187587325133	0.05075913134773384	0.03073367199872834	0.3331426085366543	0.2463526705760044	0	0.01489726186688627	0.2456087545989034	0.0104568937276609	0.677009736812349	0.5760950774823743	1.274518331681151	0.4071624346954284	0.2823958738950753	0.5165790268347601	0.03272049470585604	0.09776475177593624	0.5751725945537036	0.5872520001447978	0.0537197242418347	0.1140615508434118	0.05944354915479234	0.1070523912809029	0.5903148531467362	0.1725858462391517	0.0417164743093071	0.05060912300827464	0.0394018937299365	0.04132550780747879	0.5882540680691432	0.08498637242881812	0.4365982260056031	0.2713533111619403	0.01870595751446987	0.0724646643712049	0.1276872321651512	0.03648895961559678	0.06366774307963766	0.05429219703754815	1.22500502850439	0.0566803193561431	0.04603110448740117	0.2974141485163843	0.116721612043495	0.2273315797139488	0.0420730480542203	0.2511540863400498	0.2026980944480987
ec1430	0.5548329069816885	0.46889126076745	0.4410182070661692	0.1802286165107898	0.07008196173365265	0.05640348889215775	0.2962262279567787	0.03943693517063757	0.1274610862299096	0.3402652638256334	0.03963879042554743	0.03667974354083368	0.04902182194110095	0.01714103820124325	0.0524411752471416	0.01880029641389346	0.08072120336467817	0.4627527541981216	0.04181900455803268	0.01854091693742883	0.3521574861094172	0.03131441786486534	0.02388411570326739	0.04034394985242653	0.02006046770762127	0.3253171253843748	0.2373554850264522	0.01489726186688627	0	0.2445453198321981	0.01112835330660034	0.6771712910507561	0.5731839517242442	1.275949828575538	0.402292505681098	0.2842004494886836	0.5190383246805247	0.03767664672119921	0.0946244138776423	0.5656015012512932	0.5819845644285666	0.05025642995745121	0.1039726699719929	0.06163251394031878	0.1065996352842089	0.587248545847419	0.1678669858206914	0.04299274568017437	0.04561385868195401	0.04725786120507956	0.0461883398105614	0.5799466389824903	0.08405991429891847	0.4354494959972527	0.2674277839337973	0.0247303016743265	0.06650306863549439	0.12199691361698	0.02924110509635856	0.05977773692080569	0.0441747182973351	1.225052032393099	0.05271825140884272	0.04298123129527102	0.289231582988481	0.1072490256061359	0.2163979930861611	0.04869875010258799	0.245730091449118	0.2000628884739586
