	ec1441	ec1442	ec1444	ec1445	ec1446	ec1449	ec1450	ec1452	ec1453	ec1454	ec1455	ec1457	ec1460	ec1461	ec1462	ec1463	ec1468	ec1469	ec1470	ec1471	ec1479	ec1489	ec1490	ec1492	ec1493	ec1495	ec1497	ec1498	ec1499	ec1500	ec1501	ec1502	ec1503	ec1505	ec1507	ec1508	ec1509	ec1510	ec1511	ec1513	ec1514	ec1515	ec1516	ec1517	ec1518	ec1521	ec1524	ec1525	ec1526	ec1529	ec1533	ec1534	eti145	eti146	eti147	eti149	eti151	eti152	eti153	eti154	eti156	eti160	eti161	eti162	eti164	eti165	eti166	eti167
ec1441	0.0	0.8389273608897959	0.770743947931027	0.8209998549263359	0.6437862823387295	0.7154915357524526	0.8155911250954639	0.7980854141783826	0.8438349455338391	0.8641007760744017	0.8642220981574529	0.7669547399895441	0.5835986157006209	0.7260169553108997	0.799913933130466	0.8479371319572556	0.866248809628836	0.7915441581300122	0.7699509452710724	0.8534918266041244	0.886760437861792	0.8142143740920614	0.8046805188291265	0.8664683161802689	0.7610014438291277	0.8426373501963171	0.7845579845447714	0.608799708779512	0.7670672047165363	0.8368440290435042	0.7542073760691311	0.7832357354520099	0.7827873525888541	0.8527181462471511	0.8307935565941323	0.7022876273117048	0.8471673720531869	0.722905483284988	0.7362880112519965	0.8522802564416679	0.8667606992294431	0.8492737118546547	0.6979048342569935	0.8608794599942418	0.7527975924976216	0.8331566858124396	0.8663810591119937	0.80295425044745	0.7926882888047978	0.8056657132543665	0.7953098487803915	0.8419745062202272	0.8608863223737874	0.8604322573081051	0.8522181840048363	0.6286893734645556	0.6557913944365498	0.7321481487567929	0.8358118321190037	0.8342804862404702	0.7155989988138238	0.7819354711328897	0.7556692788096583	0.7862185109286138	0.789775831324684	0.7853232681926933	0.6919885524253944	0.8102734935613737
ec1442	0.8389273608897959	0.0	0.7655485889410775	0.16628832127340268	0.6236555981235254	0.8696719578602581	0.15363166256873081	0.6812961042893753	0.6155454204383886	0.5965122796503416	0.5742603350013055	0.6756308190146709	0.7697154422361526	0.6299371894494525	0.33820864495540764	0.5805730572747645	0.5535103139503382	0.653375153826728	0.4921050930053591	0.49658917787726714	0.48612028521479195	0.42082241668963094	0.6808102407078549	0.5566989264759736	0.5389295827873827	0.5668525939527099	0.33242189009542333	0.7407969997781104	0.7890469773546382	0.6186496887134532	0.7663813955587527	0.7006969023458449	0.6864475862920815	0.5311118730508596	0.548035074908914	0.7126116188762188	0.5667400895669897	0.7088440915828474	0.7748883856739038	0.5451319820722068	0.5267383785050052	0.584755947119241	0.522138196947978	0.5737920809071998	0.5596888736753003	0.5898331116461757	0.533733086096108	0.34610238090232537	0.4247318931315244	0.28326206516822	0.7016828528556172	0.61507129670295	0.5430732500099288	0.5494729669407546	0.5442922536451291	0.7034164737304474	0.7167394053923566	0.8182631043481914	0.7337911335415985	0.5932643320757625	0.7801640809607383	0.459017577654568	0.6997204165291029	0.5281045167828184	0.677142333619049	0.6927328037699139	0.5988184532585922	0.35072754487259894
ec1444	0.770743947931027	0.7655485889410775	0.0	0.7008516414382061	0.6103653257710083	0.6899528724214703	0.7230543540230208	0.552293771835831	0.6074584714738761	0.6388901953184006	0.6784784193772129	0.5782651214652944	0.6500104703519849	0.5671397907885041	0.6720640344040892	0.6544562201692854	0.6333847643303381	0.5594058077364948	0.5900510839013199	0.7089481319333647	0.7451705605075875	0.6462533039554559	0.6370819649404295	0.63122513998832	0.6292139863846453	0.6456723375403594	0.6619394430234374	0.6403571835100575	0.5744505666021298	0.6231535976533009	0.5873328093573328	0.49787860460406685	0.5570111532204615	0.6539897609834675	0.6219712814031118	0.5998344846071921	0.6360352012047003	0.5971725044409409	0.6033372443675912	0.6384910500373914	0.6627156928181545	0.5967479352831786	0.6227674086323272	0.6260721269583335	0.6403650503179124	0.6617065681553187	0.6747915621722016	0.6660597953687399	0.6700961155627945	0.6447746948883012	0.49622929527218224	0.6746388343198352	0.6471340148406938	0.6429072940827004	0.6393997412471233	0.6106427831138023	0.628992389442255	0.5940448924326324	0.6400080445795351	0.615443607945757	0.5589378135851978	0.6276326712889646	0.547921599432937	0.6168815159877786	0.5856447471795342	0.5672410507657349	0.5856628303427784	0.6621711217838908
ec1445	0.8209998549263359	0.16628832127340268	0.7008516414382061	0.0	0.5568188033222227	0.8346561660373096	0.20519604592921456	0.5805640406915846	0.49403167599463743	0.468982770721959	0.450812597842657	0.5753099250675535	0.7149797475937262	0.551270230644199	0.19596581781706512	0.44800567426189924	0.4208872019983298	0.5438181730676951	0.38870250046238747	0.5099241488070544	0.5043659517223292	0.305302302835677	0.5799246112401887	0.4215915848816832	0.43982892341150026	0.44610463679093637	0.1992698112083201	0.6851704468626933	0.7256117342851339	0.49811710566920375	0.6925420582051708	0.6233014309308444	0.5884034470558698	0.3829113961680601	0.42898218505055224	0.6408337386255065	0.4298005475953164	0.6488122603560658	0.7184891005043831	0.4013628113443143	0.3771555830182632	0.4612120583554081	0.4324487599778596	0.4517814694879753	0.4650501345145674	0.4631929975357684	0.40599120973697267	0.20555620492663876	0.3042466863922162	0.14002728538547893	0.6073943841823439	0.5136765380107571	0.3986533802008104	0.4121765288402906	0.4002576717323668	0.6462276606258985	0.6570889628011862	0.7618939642360388	0.6556819580484694	0.4647082512386925	0.7127048149547108	0.35101244627305206	0.6048116847637913	0.433982400320996	0.5750973965512544	0.5956155134774739	0.5182007531742533	0.22122662822824657
ec1446	0.6437862823387295	0.6236555981235254	0.6103653257710083	0.5568188033222227	0.0	0.7283680490293112	0.576533398283677	0.5048674119659129	0.6231897914108842	0.6495873120634416	0.6843104481168686	0.5199757561777592	0.5198459084185126	0.4695263320236126	0.5780059545344908	0.6285141971595036	0.6427050032731215	0.5739268837951	0.5449033738735282	0.6708597885731257	0.7315121456710758	0.5608824960833052	0.6479650730872871	0.6440319600919708	0.5549004030306333	0.6322873460048618	0.5295762572413536	0.3738184137211088	0.6164384951995805	0.5808318724756254	0.5534233710983029	0.5626222161067139	0.5618691239483928	0.6462140508535198	0.5996072421313381	0.5465492069603735	0.6373849559768339	0.5466659861262257	0.5436607390861968	0.6462945922373285	0.6801018513785594	0.6284139865485963	0.43847832260823355	0.6337688054319178	0.5459753778484979	0.6255214912070642	0.6824721650570147	0.584859232819486	0.572488102662787	0.5314167115884991	0.5525711285618862	0.6628088453700746	0.6684562913124263	0.6828161545785143	0.6459612516317952	0.41281877669453115	0.4842773901192637	0.6520031683482598	0.6998917306859908	0.6495893289761169	0.4388090574059975	0.5004366570591291	0.5616232378135689	0.5737088858789071	0.5719116030373331	0.5603282635139422	0.3556201556517154	0.5545796066354758
ec1449	0.7154915357524526	0.8696719578602581	0.6899528724214703	0.8346561660373096	0.7283680490293112	0.0	0.8442418896855977	0.765635062020645	0.7982139578538968	0.829309368313462	0.8293555019372162	0.7361443519762856	0.6449510366051407	0.748211031094425	0.8221773924681178	0.8183138090045261	0.8326343439858038	0.7343852675294992	0.7865210169961702	0.8395797560876636	0.8740603423415295	0.8236973461276379	0.747061935191647	0.8319562535300734	0.7900799065575234	0.816232211001305	0.8133949142327174	0.692975838079265	0.680161992757024	0.8031354627893935	0.7004898108428097	0.7515808370254343	0.7530663617334418	0.8156005575024187	0.8045085149516932	0.7073858635541205	0.8066960238450748	0.7277084920079319	0.7183192848124723	0.8180469671344573	0.8291649910645219	0.8135676542795195	0.7736335661309183	0.8299549819641122	0.7820602614955788	0.8113353788993415	0.8321538665297091	0.8216767799877407	0.8157294853361481	0.8116449418738454	0.7380120065864697	0.7867153758075616	0.825172081688352	0.8173965749060502	0.8179594793251744	0.7030489473699503	0.6991215130563079	0.6221164256759224	0.7652703265027995	0.7958733735410035	0.7014941436294712	0.7913004967232694	0.713930971745529	0.792564260204215	0.7522886773534216	0.7389034385981271	0.7415111226818221	0.8165430430007226
ec1450	0.8155911250954639	0.15363166256873081	0.7230543540230208	0.20519604592921456	0.576533398283677	0.8442418896855977	0.0	0.6172470870733341	0.5401408837369847	0.5137388156273286	0.4875411004881884	0.6105788502215359	0.7310266407522762	0.5938558303993363	0.3311939122796616	0.4993809019868674	0.49406540144107924	0.5809732006026507	0.43019403694220193	0.40220598287333165	0.4978215298520359	0.4104057381270688	0.6135614604197152	0.49752135747287657	0.47527734839820573	0.47883382146473125	0.2521169066334153	0.703738979044335	0.7449634913449091	0.5650981152054825	0.7179569065096079	0.6476829290903382	0.6233145917400962	0.43692118254930185	0.4906654204909299	0.6615126947117769	0.48330671888355403	0.6684184709234946	0.7341065692621891	0.4582519049639884	0.4651338845845766	0.5280242700040867	0.5087109122287735	0.4914978802679108	0.4985162824655573	0.5058686348102998	0.4726781886851643	0.2959386347031213	0.352603123707464	0.23497329332461062	0.6384200051581639	0.5486392103829681	0.4558682276059611	0.48969265109610477	0.4572795636000578	0.6623144249645687	0.6773027371343701	0.7783117273143101	0.6929173702912362	0.5141523257280404	0.7343702870218033	0.3943111699466424	0.6389652821696652	0.48862339710916647	0.6091989582505065	0.64700240622091	0.5480951516086119	0.3041604534086765
ec1452	0.7980854141783826	0.6812961042893753	0.552293771835831	0.5805640406915846	0.5048674119659129	0.765635062020645	0.6172470870733341	0.0	0.42182912373517706	0.4146168780618415	0.4602787083327589	0.380329744810981	0.6189695227014316	0.5533134017312683	0.5378953114786916	0.37479208246488027	0.3991990491925988	0.30601702667112124	0.5353351587765307	0.45672420651971346	0.5317066794761856	0.5830018973114771	0.5448810337900598	0.39749881451988817	0.5293521601865993	0.4056590329817139	0.5348507271844165	0.6003107971968576	0.5283860697820915	0.45734962005268864	0.47733671528011384	0.35501161358432975	0.266357955514756	0.39815033304733816	0.5137059898639885	0.5607162970666308	0.383388082103297	0.5599386357948165	0.5665707658359048	0.3827410408346221	0.41931331682680467	0.4293438144778887	0.549908933012355	0.3939258701884337	0.5611499069103105	0.4524980441414318	0.4434935519316982	0.530486629594233	0.5464742069031374	0.4997071170625192	0.3391521344061191	0.578697840424928	0.3972443069716799	0.4367686637083298	0.38580056105319405	0.5837670044616028	0.560421617730356	0.6357699914835202	0.6140886948900359	0.37376035922075934	0.4621000373711078	0.5471051623225834	0.3822815428424416	0.6166180614913677	0.3615755230675518	0.4089809562228818	0.5005577852476204	0.5334973213307019
ec1453	0.8438349455338391	0.6155454204383886	0.6074584714738761	0.49403167599463743	0.6231897914108842	0.7982139578538968	0.5401408837369847	0.42182912373517706	0.0	0.24138281543467244	0.33457286746103365	0.45477188948452657	0.6854469359729429	0.5643391742081661	0.49062124551102587	0.293650962301036	0.1870606362994476	0.47242417234587963	0.5321880992720398	0.42069117311504367	0.4635349164706992	0.5465286398685448	0.42158770173998	0.18561364873262928	0.5681049341108821	0.31679264608255575	0.48744702827686115	0.7117705242287711	0.5821015815902705	0.2212773319544236	0.6162700654047494	0.5304617933353809	0.4510249122787958	0.31037621341901767	0.3897185296009204	0.6020584960619699	0.2866643038183081	0.6435038715373996	0.650228690465566	0.2805306826274981	0.25032141498755406	0.17128960376643837	0.6420287073619572	0.18272593008446425	0.49456080836530836	0.3216713991680316	0.298862848413846	0.42538631966044804	0.5044497036984013	0.440060507295343	0.45433290791972586	0.5042433916206545	0.2224973406840893	0.28584594441633254	0.2843784489503949	0.6832289439146576	0.6662904697925246	0.692924057282155	0.5101577926264014	0.3187327863956734	0.5853067878601793	0.3743106025742883	0.4602327905474549	0.5392320254823392	0.5069530736264077	0.5102966484017554	0.6190122965432405	0.48517762646202894
ec1454	0.8641007760744017	0.5965122796503416	0.6388901953184006	0.468982770721959	0.6495873120634416	0.829309368313462	0.5137388156273286	0.4146168780618415	0.24138281543467244	0.0	0.2927493161154973	0.5044759908639669	0.7240133123277387	0.600591853069416	0.4699357690841929	0.25718629394176895	0.15046331469801652	0.46195702202278727	0.49482335748061496	0.4083951887677691	0.35873056032315787	0.5404053857674839	0.4669812244860651	0.15059128801594573	0.5709521404555248	0.28894403232406146	0.47541490743199244	0.729899455586439	0.617197176448989	0.28091760018762474	0.6290625310130301	0.5211777672294458	0.4523670614498103	0.26151136736305913	0.3683649912851852	0.6307992342120539	0.27501353516711646	0.6640328453967649	0.6669940637598369	0.2745032425075319	0.2267732125358531	0.215010213829679	0.6398355120089915	0.16116626043540105	0.5247873732101571	0.2874723554268999	0.26472403792051796	0.417573162089486	0.497500471459614	0.4286190314529892	0.5044688625588224	0.5024860314253069	0.22048089040395769	0.27094986930948073	0.2785064168650982	0.7093121390552678	0.7029472431035011	0.7218546133988194	0.5286044425883958	0.31643026304306826	0.6234857119918058	0.4337191798478023	0.5315870254022512	0.49284461401831503	0.4996213682984078	0.5174925046553749	0.6526889293230306	0.4762406540910669
ec1455	0.8642220981574529	0.5742603350013055	0.6784784193772129	0.450812597842657	0.6843104481168686	0.8293555019372162	0.4875411004881884	0.4602787083327589	0.33457286746103365	0.2927493161154973	0.0	0.49341605380147524	0.7178411773119368	0.6466725861355047	0.4571857210971081	0.3197657776217881	0.24527313724045094	0.44826520125674246	0.5402572800684547	0.36891383435102704	0.4712700174705676	0.565846139835437	0.4553977096753321	0.25358984831011133	0.5637873993693352	0.24218118425122115	0.4596837530268591	0.7489880539714101	0.6574195567384482	0.3691319040616601	0.6415331153341829	0.58499829176722	0.4818882385273396	0.22596689904247466	0.4460820623371833	0.6255216553343217	0.2423073876916518	0.7200811327596496	0.7069842965629569	0.2428791761606688	0.1927881898941881	0.30535170181365234	0.6353328294686035	0.25251031446002825	0.5638597813796559	0.3230720338272212	0.2157940041776769	0.39907266078906267	0.483158302523725	0.4125830679091737	0.495043193374631	0.49171599303514923	0.18678191696829577	0.2374184193303354	0.24498197810963307	0.7229567652220288	0.7176958020076595	0.7202393126653601	0.5756116363587089	0.29000787685695867	0.6661945735869055	0.5418884459939579	0.5222817355459055	0.5981786318347466	0.48837737066562426	0.5084074363329834	0.6480910258172503	0.46347475726414805
ec1457	0.7669547399895441	0.6756308190146709	0.5782651214652944	0.5753099250675535	0.5199757561777592	0.7361443519762856	0.6105788502215359	0.380329744810981	0.45477188948452657	0.5044759908639669	0.49341605380147524	0.0	0.6284693631732041	0.5439087354683785	0.5456809937644722	0.47644271193635634	0.48885781748280077	0.3235734064707543	0.5653323107798098	0.4837253961915352	0.6083746780710227	0.5980885226992528	0.4824935189710825	0.48698052781451	0.5321229614449344	0.47818854818901085	0.5299692831631195	0.6017620261376285	0.5374399236489915	0.4840579652908587	0.45460170276381423	0.5448874679231959	0.42562310375104756	0.3880513271899774	0.5710409933873117	0.52683758962566	0.4006396755039536	0.6435086807844029	0.607837170599243	0.3866220905449561	0.4610292178336497	0.471703838208799	0.5569334509410381	0.47851975999323487	0.6172310683352679	0.5000364858196468	0.47945734470194445	0.5599605067124226	0.5370710313489198	0.5307182194533893	0.3443936174967113	0.6064091876835372	0.4371816365061615	0.47677152352410895	0.38564560274563553	0.5737499631662141	0.6240053377242114	0.6005476810762529	0.6262645959377169	0.4434336422739916	0.4803931845972939	0.5357135094868052	0.3653734503986855	0.6324468789931781	0.3254589533941339	0.4219433345883528	0.5226636911498723	0.5630883590566553
ec1460	0.5835986157006209	0.7697154422361526	0.6500104703519849	0.7149797475937262	0.5198459084185126	0.6449510366051407	0.7310266407522762	0.6189695227014316	0.6854469359729429	0.7240133123277387	0.7178411773119368	0.6284693631732041	0.0	0.674534209811009	0.7121128237071112	0.6990667650223092	0.7211549728328639	0.6530848655756532	0.6847161334276481	0.7560626811263492	0.795374871291865	0.7389058682200258	0.6469293487174984	0.7225943467812203	0.6641295305655487	0.6748902297601791	0.7006591449213239	0.5446865605513105	0.6471338350850349	0.6711655065829327	0.5930124724675631	0.5877133703667753	0.5965046763205922	0.7178060630828106	0.6641301098147061	0.5669972732427285	0.6947454780104346	0.6124537674146185	0.6257884317552631	0.7148467442969071	0.7137372399069646	0.7081582408719006	0.5654158320035988	0.7135999311176418	0.6196967079661545	0.6807212662532208	0.7179241083181672	0.6910557631953334	0.7058084036922387	0.6907590974964606	0.6284434890713617	0.6917117127750019	0.7036813717905671	0.7154752636190066	0.7128436603174745	0.5760776448993863	0.5959499416802784	0.578499544345253	0.7297297245202622	0.6825406335055181	0.5955830298170026	0.6908759432266368	0.5976924490063366	0.6861741610557746	0.662107794148477	0.5964803147138202	0.506135290038632	0.7034785092326883
ec1461	0.7260169553108997	0.6299371894494525	0.5671397907885041	0.551270230644199	0.4695263320236126	0.748211031094425	0.5938558303993363	0.5533134017312683	0.5643391742081661	0.600591853069416	0.6466725861355047	0.5439087354683785	0.674534209811009	0.0	0.4633440790337284	0.6269420309275898	0.5771522318593189	0.5954652052786612	0.5289442247173638	0.675549833894684	0.7081893067555988	0.5375953188731488	0.6203641735806154	0.5747863577242297	0.48104212472163244	0.6399270536499752	0.4922254616726238	0.5919995459637595	0.6152033541196847	0.5599587498961329	0.6485563858628952	0.5912540566842673	0.5990186365308873	0.6208566377903513	0.5748209498116001	0.5605191418144461	0.5998999351690721	0.5694349201580435	0.5789729730795629	0.6174468322522737	0.6152245223595033	0.5350057792009955	0.5044266151313233	0.5907398132397782	0.4982014569973747	0.6227562010473434	0.6257308833679357	0.4658399856199693	0.5059642189822351	0.49381684140601323	0.5625048815951398	0.6324806476307635	0.6206241815140464	0.6221838718111731	0.6192979998444373	0.4955118867358498	0.5539648839531908	0.6911611437681576	0.6654882757504655	0.6115495229170173	0.6032703045549401	0.4937631411497537	0.5749000515786967	0.548678082046571	0.5825789866812359	0.608012636336708	0.5438080902578111	0.5211498026773219
ec1462	0.799913933130466	0.33820864495540764	0.6720640344040892	0.19596581781706512	0.5780059545344908	0.8221773924681178	0.3311939122796616	0.5378953114786916	0.49062124551102587	0.4699357690841929	0.4571857210971081	0.5456809937644722	0.7121128237071112	0.4633440790337284	0.0	0.46514362553288646	0.4251795682326879	0.514591451217711	0.3916707363009138	0.48130747895852005	0.5473614495106007	0.32982945353731785	0.5690720754941438	0.4232308281919758	0.3391498667717354	0.4558149140250042	0.15458593869112072	0.6683445058280415	0.7155804946365156	0.49582898348248905	0.668880040198164	0.6136168366494769	0.5889536943334207	0.34976773976778497	0.4313897790661582	0.6344404365848465	0.38186315563150397	0.5996360260262169	0.6946740733388167	0.35008022794628446	0.38212274228619186	0.4611552434399558	0.38444154756440463	0.4537187888907068	0.39901692942079253	0.47431269024787687	0.41026027392760833	0.12991721049811156	0.19234969650920788	0.17730211622863834	0.5663413456807597	0.5110986081708758	0.40003791876327327	0.41649390053096075	0.3536087661858981	0.5848627999688354	0.6001571674108191	0.7383041986033473	0.6475642050254261	0.4112806983378485	0.6943574987555118	0.3659568270574094	0.5672257016212181	0.47781019776089034	0.5502752806241976	0.5902370374615996	0.5189906684329983	0.2522469315512701
ec1463	0.8479371319572556	0.5805730572747645	0.6544562201692854	0.44800567426189924	0.6285141971595036	0.8183138090045261	0.4993809019868674	0.37479208246488027	0.293650962301036	0.25718629394176895	0.3197657776217881	0.47644271193635634	0.6990667650223092	0.6269420309275898	0.46514362553288646	0.0	0.2271211683864618	0.43550611545032597	0.5425008735680668	0.36423146599885897	0.34719826323353226	0.5369357755823527	0.43217931396510734	0.22904298307260684	0.544758680846009	0.24842774809056475	0.45248379044353015	0.7004527154482124	0.6277479355389378	0.2848996407459036	0.5817451110417416	0.527390838660531	0.4484832314933696	0.2313551913752749	0.32042137205139926	0.6400092719930569	0.2727321851887912	0.6409679677702189	0.6699693780922483	0.23765417247262363	0.2538307196767091	0.28673240464569416	0.638114478425969	0.21799174904347024	0.4706639456727157	0.18140369622358266	0.28532452581870665	0.43836777319600245	0.46865921421740797	0.44903608340842066	0.5163474907880486	0.48835797477759846	0.2271759829522746	0.29704498076484587	0.23169580800823833	0.6702161748558996	0.680272024024283	0.6981028275309902	0.5463255835110629	0.3242937508648576	0.5910644443492811	0.4920294593516029	0.5056571583688497	0.5679215740376318	0.47782441167803114	0.47702418096461074	0.6075128947475166	0.4966492477223358
ec1468	0.866248809628836	0.5535103139503382	0.6333847643303381	0.4208872019983298	0.6427050032731215	0.8326343439858038	0.49406540144107924	0.3991990491925988	0.1870606362994476	0.15046331469801652	0.24527313724045094	0.48885781748280077	0.7211549728328639	0.5771522318593189	0.4251795682326879	0.2271211683864618	0.0	0.44724945395347343	0.5234307409830783	0.36689072232965203	0.3579959721434724	0.5045313860402273	0.4460195201077413	0.02092560376291462	0.5615735837100316	0.240098763698195	0.4606216904941408	0.7355284484405752	0.6052015312960671	0.19993594571332243	0.6342599876324456	0.5145708081905452	0.4329657240336954	0.22070730206729397	0.32016528655265	0.6211120772106528	0.22985489710623963	0.6794535658187693	0.667266775158456	0.22053460570559158	0.11994743489371083	0.10312662772640921	0.6167363738094841	0.07959780945989547	0.5193139357268546	0.24462586972322867	0.15582980440562721	0.3559838043874019	0.4797442195735563	0.37471687937011583	0.4891817012249031	0.4886327981360465	0.15423370460827657	0.16684250449886304	0.22503356020494564	0.7057534038376024	0.7022721159924451	0.7221844242868583	0.48933358510302605	0.26778231786026135	0.6189782719275259	0.46082071197490815	0.5114900207450771	0.5157350606755683	0.4871667469092153	0.478046566733967	0.6490019861368628	0.431490665891105
ec1469	0.7915441581300122	0.653375153826728	0.5594058077364948	0.5438181730676951	0.5739268837951	0.7343852675294992	0.5809732006026507	0.30601702667112124	0.47242417234587963	0.46195702202278727	0.44826520125674246	0.3235734064707543	0.6530848655756532	0.5954652052786612	0.514591451217711	0.43550611545032597	0.44724945395347343	0.0	0.5430282856421844	0.44695477987221205	0.5782756597775018	0.5973793889769415	0.5567463589748548	0.44775694662256676	0.5047189121847222	0.4337381306592609	0.4954942368329195	0.627863301367305	0.5827891760868784	0.5073894615679154	0.4801397406693691	0.49817231866793904	0.30712356620339737	0.3270249643171632	0.5432462439417752	0.5698414873508115	0.36060650101834946	0.6252254631813223	0.6274561159426534	0.3372044399241484	0.41379155234035475	0.47505270818203243	0.5340421638575512	0.4388491382540276	0.6280044552832372	0.4566088783320939	0.4382578290511955	0.531491400823806	0.51195357002739	0.5001663613942973	0.3688495881972896	0.5828935155562088	0.3933647045312684	0.3738005608989233	0.3360618166130167	0.607057522764261	0.5869352187958995	0.609828731836132	0.6308693939357514	0.40316730701591763	0.5376161520899743	0.5582835443042116	0.2782860318682715	0.6579954350677928	0.33568182874044483	0.41382704272811277	0.5211996805461813	0.5367419589099841
ec1470	0.7699509452710724	0.4921050930053591	0.5900510839013199	0.38870250046238747	0.5449033738735282	0.7865210169961702	0.43019403694220193	0.5353351587765307	0.5321880992720398	0.49482335748061496	0.5402572800684547	0.5653323107798098	0.6847161334276481	0.5289442247173638	0.3916707363009138	0.5425008735680668	0.5234307409830783	0.5430282856421844	0.0	0.5758188902626583	0.628442151444347	0.44178646360887064	0.6012926922716751	0.5217356947592892	0.4493211482136032	0.5291870506618218	0.3526286083619785	0.6515663935780037	0.6305479717567097	0.5559073393703907	0.6362546394204278	0.6011919492202676	0.5801989516863321	0.49173969797806727	0.5268950289845163	0.6174802380318347	0.4410314577886934	0.6219695989449668	0.6710546774948289	0.47341061690137604	0.5077681291985342	0.5420955273894268	0.47495013357788535	0.5128025677272056	0.4880227332385508	0.5285025717364995	0.5275041891612177	0.38071344386887357	0.4075160497519112	0.30906084764244013	0.47314359264572325	0.5389895889369415	0.4847805384554552	0.5198964127517054	0.4771259442239601	0.6142256535307895	0.6055955255460879	0.7229719630424365	0.6703997980875867	0.48861099662387303	0.670001960947925	0.36139993164769585	0.5736405943418494	0.4671453002131532	0.5698576121694809	0.6076169452843444	0.5112055572719869	0.35710214797470113
ec1471	0.8534918266041244	0.49658917787726714	0.7089481319333647	0.5099241488070544	0.6708597885731257	0.8395797560876636	0.40220598287333165	0.45672420651971346	0.42069117311504367	0.4083951887677691	0.36891383435102704	0.4837253961915352	0.7560626811263492	0.675549833894684	0.48130747895852005	0.36423146599885897	0.36689072232965203	0.44695477987221205	0.5758188902626583	0.0	0.35735787206818875	0.5921610556440563	0.5449613077806811	0.3722931846110801	0.5826329543904956	0.34080616198957414	0.46348105065506173	0.7423107563166389	0.7084235917107417	0.4743303138095054	0.6477377154648943	0.6450603109841859	0.5428094550761263	0.21309076896795215	0.5157562853319727	0.6878072568516039	0.26115742293435035	0.7532071180571291	0.7321552016928398	0.22325226510401475	0.3209256732605238	0.4191851655228726	0.6593871864256317	0.35166529796090173	0.6358219831955221	0.39663480345348706	0.33304044335155336	0.4960400818036471	0.4780042691573457	0.46334506400309894	0.5375802517499073	0.5694594541315505	0.29360581817969417	0.36002845196813776	0.22139385604776915	0.7253733943652069	0.7251016819192687	0.7412568070337525	0.6461398496589598	0.27412053722909463	0.6480073467030067	0.5487006325164747	0.533999376069166	0.6646314712524415	0.4509559802457718	0.5894651161040337	0.661330213431107	0.5125974220192515
ec1479	0.886760437861792	0.48612028521479195	0.7451705605075875	0.5043659517223292	0.7315121456710758	0.8740603423415295	0.4978215298520359	0.5317066794761856	0.4635349164706992	0.35873056032315787	0.4712700174705676	0.6083746780710227	0.795374871291865	0.7081893067555988	0.5473614495106007	0.34719826323353226	0.3579959721434724	0.5782756597775018	0.628442151444347	0.35735787206818875	0.0	0.6063922056315105	0.6153134419258925	0.3635771711208738	0.6758166810784177	0.4606734430617011	0.5926991842662049	0.7899677700374954	0.7281133372054907	0.4686524735634399	0.7094569872260039	0.6433463945546497	0.5827260891847641	0.40876420330707586	0.5190321451371911	0.7297757826364122	0.4605120843032745	0.7395148322723116	0.7629817513264574	0.4292830082751876	0.4023216188383357	0.41194488892456754	0.6975629985783295	0.3932012474068824	0.6260450830446259	0.42959502098356933	0.41261592730975905	0.552388913744115	0.6029272884626934	0.564796260264654	0.6430276705178072	0.6411938759099451	0.42628273820848717	0.43138110765685383	0.42805976656701633	0.7682196194135567	0.7808792122394429	0.7908435464874192	0.6483458128530337	0.49820534959481394	0.715552678556972	0.5766958081861544	0.6404387988548229	0.6311030813726025	0.6104021765655604	0.6311924331617699	0.7365195244314425	0.6027171510389091
ec1489	0.8142143740920614	0.42082241668963094	0.6462533039554559	0.305302302835677	0.5608824960833052	0.8236973461276379	0.4104057381270688	0.5830018973114771	0.5465286398685448	0.5404053857674839	0.565846139835437	0.5980885226992528	0.7389058682200258	0.5375953188731488	0.32982945353731785	0.5369357755823527	0.5045313860402273	0.5973793889769415	0.44178646360887064	0.5921610556440563	0.6063922056315105	0.0	0.61060987719018	0.4977433105273751	0.32571241968348447	0.564489551191672	0.33615126948070034	0.6734287330685249	0.7158778550609973	0.5495477221449755	0.6882204852341965	0.525974910971475	0.6268113342358064	0.493404754282598	0.5003282929968109	0.6761224602975878	0.5114566954319251	0.6619938099372433	0.6977320535825343	0.47888096889757964	0.510751035411777	0.5321724845198409	0.4839609520608897	0.5272963772677431	0.5129722750681417	0.534319631444957	0.5351076283840845	0.37690157408988106	0.4135120684180899	0.2747680642203254	0.6263768689356838	0.42661763461989693	0.5180874363065716	0.5316626758659218	0.4815580641495931	0.6373253346866772	0.6559212911681199	0.7358394522424245	0.6577922505979948	0.5223497773574539	0.676727373512879	0.3985711930365933	0.6265438926014684	0.44438439409123137	0.6025983210761398	0.6468228800692248	0.4196065791759526	0.3298502498266351
ec1490	0.8046805188291265	0.6808102407078549	0.6370819649404295	0.5799246112401887	0.6479650730872871	0.747061935191647	0.6135614604197152	0.5448810337900598	0.42158770173998	0.4669812244860651	0.4553977096753321	0.4824935189710825	0.6469293487174984	0.6203641735806154	0.5690720754941438	0.43217931396510734	0.4460195201077413	0.5567463589748548	0.6012926922716751	0.5449613077806811	0.6153134419258925	0.61060987719018	0.0	0.4442416157046741	0.6071556360112638	0.4044227038768936	0.5669011319122647	0.6779590176128886	0.5401884180787624	0.38775420973720737	0.5842582334337187	0.6051860689365557	0.5298029661499352	0.43886428368665675	0.5108907701736718	0.5999527086290949	0.4336249075827314	0.6716713431137792	0.6007068347173229	0.4268047460601243	0.40172823604356556	0.42804021035018985	0.6392232431539939	0.4494350985511006	0.5263306464764708	0.42608667296737823	0.43533404593007724	0.5211151182296144	0.583076675934967	0.5266276214133111	0.49878476772856284	0.5605546387881392	0.39056629274073834	0.4285282692949302	0.4297448929569206	0.6549988043465658	0.6664327703085642	0.6174635975709533	0.5350934842296092	0.40011362288938146	0.5909857337787263	0.5724694557259891	0.506269384012379	0.549632738031939	0.5413866209052774	0.5179662134526817	0.5960245319942343	0.5596951033416393
ec1492	0.8664683161802689	0.5566989264759736	0.63122513998832	0.4215915848816832	0.6440319600919708	0.8319562535300734	0.49752135747287657	0.39749881451988817	0.18561364873262928	0.15059128801594573	0.25358984831011133	0.48698052781451	0.7225943467812203	0.5747863577242297	0.4232308281919758	0.22904298307260684	0.02092560376291462	0.44775694662256676	0.5217356947592892	0.3722931846110801	0.3635771711208738	0.4977433105273751	0.4442416157046741	0.0	0.560889692908859	0.24427453661178267	0.4610586594633594	0.7335368588523125	0.6067311532655237	0.19846197730127318	0.6335074467743675	0.516867555980398	0.43121607334950746	0.2228262291132779	0.31849808363769133	0.6226606136276766	0.23034462605532233	0.6785609970374264	0.6683526869830413	0.2210919365374022	0.12025090764243124	0.11096383715851296	0.6156510535281134	0.08786690271442038	0.51840160652721	0.24640214772117805	0.15942972707420305	0.35418142492719157	0.477854232674178	0.3745256504132006	0.4882454834861632	0.48809959000643355	0.1527093861932994	0.16930487251987478	0.22556673987023404	0.7073087457749018	0.7001467507557305	0.7212444585057437	0.4922778340615221	0.2660570989132855	0.6163490235978555	0.45995943639759385	0.5108921877361743	0.5120041541663782	0.48747436368479813	0.4771167902503251	0.647449930516891	0.42968946213293735
ec1493	0.7610014438291277	0.5389295827873827	0.6292139863846453	0.43982892341150026	0.5549004030306333	0.7900799065575234	0.47527734839820573	0.5293521601865993	0.5681049341108821	0.5709521404555248	0.5637873993693352	0.5321229614449344	0.6641295305655487	0.48104212472163244	0.3391498667717354	0.544758680846009	0.5615735837100316	0.5047189121847222	0.4493211482136032	0.5826329543904956	0.6758166810784177	0.32571241968348447	0.6071556360112638	0.560889692908859	0.0	0.5382233462661291	0.338179802925285	0.6370878779048373	0.6747405140355814	0.5837090124780638	0.6267000960925246	0.46541736075381884	0.5401065154644211	0.4966062598492315	0.5339358861916995	0.6053919657517394	0.5044246347126498	0.5786199866248115	0.647463633030317	0.48541874544096314	0.541547771745314	0.5788394321703815	0.4415218745498894	0.5538669384011555	0.4458490436095985	0.5340922956837876	0.5545728757557242	0.34739725554916395	0.3479644559014268	0.3855000193393037	0.5493484481625474	0.41379247005312386	0.5215555783800884	0.5522754126118544	0.48672489015580916	0.5657256631506338	0.571818605651815	0.679310371841731	0.6806013951665234	0.5140183271179353	0.649868148765375	0.4667005977915031	0.534493688714129	0.5528494525419698	0.5351024810993888	0.5801494750879711	0.3537454572704467	0.4270465145431077
ec1495	0.8426373501963171	0.5668525939527099	0.6456723375403594	0.44610463679093637	0.6322873460048618	0.816232211001305	0.47883382146473125	0.4056590329817139	0.31679264608255575	0.28894403232406146	0.24218118425122115	0.47818854818901085	0.6748902297601791	0.6399270536499752	0.4558149140250042	0.24842774809056475	0.240098763698195	0.4337381306592609	0.5291870506618218	0.34080616198957414	0.4606734430617011	0.564489551191672	0.4044227038768936	0.24427453661178267	0.5382233462661291	0.0	0.4457426340730452	0.7095334038858033	0.6361786926447333	0.32157151454201655	0.5765624219148704	0.5405895972289019	0.43238499168891376	0.21593101306544313	0.4063146279868284	0.6060156478415248	0.21577922662662005	0.6790925970344149	0.6682954751057943	0.21262414813041283	0.1840149725983423	0.29948847463552614	0.6304702311126056	0.2283049816335172	0.5343088249295236	0.2591942203464173	0.19838680682736654	0.3904081254260381	0.4674098200488567	0.40895417602533507	0.43527979490445395	0.45430033175975254	0.1610409517105984	0.22765580925445686	0.2215928799710092	0.6772200149086371	0.6731762083652113	0.6766849237903749	0.5564767928954645	0.2699842562492622	0.6052583474930601	0.5314481239638114	0.49878510418313876	0.589819630969804	0.47566868120633254	0.4221883478900264	0.5941550966714556	0.45939782800004303
ec1497	0.7845579845447714	0.33242189009542333	0.6619394430234374	0.1992698112083201	0.5295762572413536	0.8133949142327174	0.2521169066334153	0.5348507271844165	0.48744702827686115	0.47541490743199244	0.4596837530268591	0.5299692831631195	0.7006591449213239	0.4922254616726238	0.15458593869112072	0.45248379044353015	0.4606216904941408	0.4954942368329195	0.3526286083619785	0.46348105065506173	0.5926991842662049	0.33615126948070034	0.5669011319122647	0.4610586594633594	0.338179802925285	0.4457426340730452	0.0	0.6588340216068811	0.7072007941802111	0.5211094315163183	0.6533086226647408	0.6074096343515332	0.5751148311615122	0.3478420952723974	0.45705656307731984	0.6287186734687981	0.3784589564505301	0.5996529551096088	0.6869906542007483	0.34534130018836495	0.4225157922728125	0.49325324093019857	0.36021553641893556	0.4521862534974357	0.40083741369854914	0.46951007011133167	0.45060422441789394	0.1870676792539451	0.19229849106627264	0.15405940976697327	0.5543740468292562	0.5021696168682438	0.39998845048498033	0.4535220192792096	0.3426036253416568	0.5792268009004529	0.5765072650023743	0.7301204754580826	0.6574990365904719	0.4129075029483354	0.6787323738782911	0.3117986509208153	0.5545468460612718	0.4543391048411632	0.5309470780009832	0.6048611800859073	0.4815275811971348	0.22690553291802557
ec1498	0.608799708779512	0.7407969997781104	0.6403571835100575	0.6851704468626933	0.3738184137211088	0.692975838079265	0.703738979044335	0.6003107971968576	0.7117705242287711	0.729899455586439	0.7489880539714101	0.6017620261376285	0.5446865605513105	0.5919995459637595	0.6683445058280415	0.7004527154482124	0.7355284484405752	0.627863301367305	0.6515663935780037	0.7423107563166389	0.7899677700374954	0.6734287330685249	0.6779590176128886	0.7335368588523125	0.6370878779048373	0.7095334038858033	0.6588340216068811	0.0	0.6479854847202995	0.6851526531663118	0.5788527583268668	0.6020763801315753	0.5921499579994316	0.720447876221771	0.6867617329013167	0.5824152549958229	0.7112367209587931	0.5953685899979665	0.590706556480941	0.7198521618105365	0.7435980371922828	0.7105346098036309	0.5836452378034117	0.7278109257345267	0.6104881140468087	0.7038302102956361	0.7494140410066057	0.6753042208961486	0.6627968295105058	0.659785918540336	0.6399669727117566	0.7250162318923151	0.7342308274978754	0.7468385928769672	0.7179793857085697	0.41738332385308613	0.4646846242262649	0.6644592469396517	0.7320849072681362	0.6859202583003354	0.4125443379517344	0.621984932129723	0.5717523372067304	0.6522782768337554	0.6411280656944534	0.6333049999124186	0.4543517328269653	0.6739128620717374
ec1499	0.7670672047165363	0.7890469773546382	0.5744505666021298	0.7256117342851339	0.6164384951995805	0.680161992757024	0.7449634913449091	0.5283860697820915	0.5821015815902705	0.617197176448989	0.6574195567384482	0.5374399236489915	0.6471338350850349	0.6152033541196847	0.7155804946365156	0.6277479355389378	0.6052015312960671	0.5827891760868784	0.6305479717567097	0.7084235917107417	0.7281133372054907	0.7158778550609973	0.5401884180787624	0.6067311532655237	0.6747405140355814	0.6361786926447333	0.7072007941802111	0.6479854847202995	0.0	0.5798881522773904	0.5898171522943362	0.5431580904811705	0.5261528926429794	0.6581311494609181	0.6517933377433144	0.6165741599046235	0.6436185066515833	0.5964581688727668	0.5875630458858357	0.6472227093453364	0.6408555364410781	0.5696594359266032	0.6729890346998448	0.5979970559000938	0.6557329984574157	0.6336067861593687	0.651265860243977	0.6889382741262967	0.7139009103921153	0.6905748098855725	0.5204570146271793	0.6502170749259334	0.6289246390549654	0.6452507595899702	0.648924539761449	0.635035158760244	0.6471548405516135	0.6053206841121532	0.5899849117414487	0.6209338875099665	0.5720480715287323	0.6590751169704855	0.5344474278914413	0.6492743558409219	0.5423483019514815	0.588126453386032	0.6192154938180844	0.7049762376434859
ec1500	0.8368440290435042	0.6186496887134532	0.6231535976533009	0.49811710566920375	0.5808318724756254	0.8031354627893935	0.5650981152054825	0.45734962005268864	0.2212773319544236	0.28091760018762474	0.3691319040616601	0.4840579652908587	0.6711655065829327	0.5599587498961329	0.49582898348248905	0.2848996407459036	0.19993594571332243	0.5073894615679154	0.5559073393703907	0.4743303138095054	0.4686524735634399	0.5495477221449755	0.38775420973720737	0.19846197730127318	0.5837090124780638	0.32157151454201655	0.5211094315163183	0.6851526531663118	0.5798881522773904	0.0	0.61768932980393	0.5600184641088239	0.489484299249658	0.3481704050948452	0.3522336879994124	0.5851985599494466	0.34364045861010784	0.6440763333242602	0.6308858975028221	0.3341104840245779	0.264381346146673	0.1859238542151502	0.6449676382849908	0.2254890349047127	0.45524809624023493	0.29735419102627586	0.30433027270599705	0.4329568203886079	0.536800269393464	0.44864123970045694	0.4798021181152482	0.5151304786636272	0.2820894434349324	0.29689190524400527	0.33775892327252205	0.6526378783448065	0.6710057130083237	0.6774473078026141	0.5104370949993183	0.3681160309135875	0.5710074560261076	0.4594547953585283	0.500988175708286	0.534127883077383	0.5386959206892838	0.4581140037173987	0.5937976586948978	0.4782186812854414
