	SRR21280467	SRR21280470	SRR21280471	SRR21280472	SRR21280473	SRR21280476	SRR21280531	SRR21280536	SRR21280678	SRR21280682	SRR21280683	SRR21280684	SRR21280685	SRR21280718	SRR21280719	SRR21280730	SRR21280741	SRR21280788	SRR21280789	SRR21280792	SRR21280795	SRR21280798	SRR21280800	SRR21280801	SRR21280847	SRR21280848	SRR21280897	SRR21280898	SRR21280902	SRR21280903	SRR21280909	SRR21280910	SRR21280949	SRR21280952	SRR21280954	SRR21280955	SRR21280956	SRR21280958	SRR21280960	SRR21280962	SRR21281007	SRR21281018	SRR21281022	SRR21281023	SRR21281024	SRR21281045	SRR21281047	SRR21281049	SRR21281050	SRR21281052	SRR21281054	SRR21281056	SRR21281057	SRR21281058	SRR21281068	SRR21281069	SRR21281071	SRR21281079	SRR21281083	SRR21281084	SRR21281085	SRR21281109	SRR21281157	SRR21281184	SRR21281185	SRR21281188	SRR21281190	SRR21281191	SRR21281194	SRR21281219	SRR21281221
SRR21280467	0	0.02130948303726353	0.5024780337028767	0.05042468761740788	0.1965805135069649	0.2989584808061329	0.09710127084354336	0.1867786920455922	0.032636931162401	0.07703026975168455	0.04960642854566298	0.02827345568211085	0.04715144857701734	0.518131364120888	0.1126030096622697	0.0465698158095311	0.1022552105991321	0.02089727095594986	0.02450953725665612	0.03189482649364628	0.08006865746136393	0.0511332648200392	0.08367489486604375	0.01567197720663407	0.1410517838229738	0.181731269354277	0.4957457794908642	0.09189013529683453	0.5036284440242507	0.09760697868962251	0.06640620911130246	0.1208757412322924	0.0169483015122356	0.106853495608642	0.3220371041551183	0.3619917833753501	0.123735317536257	0.02849388393676855	0.1509980003668246	0.1096778216929074	0.1914037935046077	0.08114698878679059	0.1680633349695609	0.4904949479600637	0.5710868790906136	0.5855953857477428	0.08246114144480413	0.09913570958490606	0.114070490091763	0.1122356371393536	0.02875781885877259	0.02534530259793784	0.03350739984939222	0.02833605291646189	0.229407860067234	0.1652070040521909	0.1667776038495318	0.1818899721141623	0.1350143590640555	0.02932351061238536	0.06598416657332085	0.121336432244306	0.1683102572565466	0.3178221218386896	0.1068890862991696	0.1599967039972533	0.5104163721167028	0.5940877218301195	0.7860963441032027	0.01855651724462758	0.03993682225849392
SRR21280470	0.02130948303726353	0	0.517400728807443	0.06633591545658069	0.2065851230280935	0.3161641092121792	0.1125389350998372	0.20349137460782	0.01698114547756204	0.09278960968576958	0.06062338974550619	0.02319551042588225	0.06290778839237345	0.5359276508531844	0.1269752999118559	0.06137883693783481	0.1176979375363927	0.01299683702509823	0.03019950463810685	0.05115459481507754	0.09524194376217428	0.06813899694724783	0.09892495036109467	0.02604974326583698	0.1535728327377755	0.1978682451674022	0.5080618654250492	0.1012246512730457	0.5157324906702679	0.1068441476557245	0.0805040756095205	0.136283672010877	0.02755655323073249	0.1202385565593432	0.3386220526797943	0.3787014498183031	0.1407523301938186	0.01083052845133984	0.1671510167326321	0.1220538935829765	0.2003107223484446	0.09630040026519396	0.1851681219518732	0.5020658735461168	0.5825980366149686	0.596890451205947	0.09130280108166397	0.1118041645057514	0.1273893722127812	0.1285218692918432	0.03696169677816769	0.02421938532309366	0.01552540297130843	0.03003173088677151	0.2430041987047452	0.1816883115341535	0.1854211855456642	0.200800802197891	0.1523663279655523	0.0455096661550479	0.08192051346717832	0.1352164574834147	0.1847306121421102	0.3360937132533574	0.1239513039351274	0.1752779050028206	0.5218008857739664	0.6057203742027556	0.7981773427972407	0.0234957585717711	0.03874563112202273
SRR21280471	0.5024780337028767	0.517400728807443	0	0.4670058942962336	0.5626177618014357	0.5602207350081871	0.4706938882571967	0.540329845838279	0.5103582570234529	0.472425146949894	0.4936249456454274	0.5158643567731531	0.5144843528927808	0.1279190347953327	0.441285707135061	0.4836558611608527	0.4115574716868534	0.5098220134501886	0.5120591886732125	0.4904633682776001	0.4632591158023936	0.4865517902157758	0.442804616089435	0.5026160820538924	0.5091909026754814	0.3736452274855351	0.2380169988557994	0.4857237326823535	0.1853360060148459	0.4954208389213042	0.5050951100769653	0.4386060685566217	0.4997737801596625	0.4822854162749411	0.5612488662068454	0.2177740690263593	0.4632556653001922	0.5233703255917707	0.4165952648015333	0.4273605161652054	0.3231875630948053	0.4333960934320491	0.5242956997860568	0.6970728032570959	0.8424142813675615	0.5866331912043241	0.486359565193893	0.4915398735073264	0.4460016026219134	0.421040380247373	0.4867234577773678	0.5110291471109999	0.5262170904552171	0.5021873831737694	0.5531845160912298	0.4800404130750606	0.448445188539052	0.4305045557860098	0.5375416981213494	0.4905127886096836	0.5121106255435882	0.4819818322466896	0.3589390201135068	0.556317129294788	0.464049710671135	0.5203993303361287	0.7908681594579621	0.8647799396636718	0.3301107073850626	0.5060643178474422	0.5294970862991188
SRR21280472	0.05042468761740788	0.06633591545658069	0.4670058942962336	0	0.2261706046840806	0.2641596944647135	0.0697232354390004	0.14825778021742	0.07915790971042332	0.04719260507460391	0.0582149330380362	0.07248873830533847	0.07449765659623785	0.4834209318499624	0.1532213544373148	0.09154606112325246	0.1140010812401265	0.06705756698207879	0.07257996781245059	0.05052997004731726	0.03762227804940301	0.04460938252959588	0.04358141683286555	0.05515387173354777	0.1046501376985258	0.1444975844019272	0.4667697649123156	0.05997132591134333	0.4761401934643115	0.1420806895535594	0.1038748308443142	0.0961690465869118	0.06409426458059826	0.06742548632078429	0.291080673026786	0.3289658376054607	0.08687692379216386	0.07404649198946016	0.1140667674130609	0.07819851558783533	0.237078551219434	0.1111109742414833	0.1277374655237841	0.4602299068353166	0.5406527703796649	0.5528616503384763	0.05023508105958109	0.06107477505638393	0.08297486067713525	0.07219177098417431	0.07317921005803955	0.07176523944721253	0.07825983368837193	0.07301599534827548	0.1928864605750689	0.1255638871094347	0.1302872091118348	0.1444998513739196	0.1308163961687792	0.0602773422324043	0.1109413731001992	0.113933771750362	0.1269754776415863	0.2873684170436941	0.07067563707913288	0.1303091546343459	0.4797449896603073	0.5636644780290965	0.7535480740519815	0.06403739312845606	0.0851195208021204
SRR21280473	0.1965805135069649	0.2065851230280935	0.5626177618014357	0.2261706046840806	0	0.3267946437547784	0.235374447476222	0.3320603905141005	0.2046705135897332	0.2386707565778871	0.2161575235775421	0.212210065347972	0.2151730761166618	0.5523300783083749	0.2559415082983698	0.2034834610538919	0.2363143922220168	0.1990582089573232	0.1982619609247874	0.2048880845229576	0.2513681776708597	0.224934947873556	0.2364808298981607	0.1942934280005372	0.2914195302399892	0.3094676283444379	0.5387422746957179	0.2590883616142557	0.561685922411732	0.2213754994958075	0.2045868768258393	0.2527752330901225	0.2022831868222203	0.274208935385042	0.2954592329183681	0.4333192031197458	0.2669240361946323	0.2091480606247624	0.2870445125635686	0.2558294145910638	0.3066321079857716	0.2248068907253522	0.2329879274385702	0.4596335601477658	0.5483585441609029	0.5925403935873086	0.2509324990223299	0.2627215743753736	0.2635838887831796	0.2607695216543559	0.1938083579926997	0.2107783837630255	0.2127323304192293	0.2063380027225561	0.3476318178851779	0.2838093377041319	0.2956348059327631	0.309498534182771	0.2500321287190844	0.1944575836080464	0.2006766726756111	0.2258181945008366	0.2982238071460356	0.2982691669709455	0.2431334821103063	0.2544249159472607	0.4881400385757536	0.5707511969303883	0.8432384504190403	0.2037894099642536	0.2245685668609395
SRR21280476	0.2989584808061329	0.3161641092121792	0.5602207350081871	0.2641596944647135	0.3267946437547784	0	0.2713648606546937	0.3265436164560717	0.3133247510694985	0.2759478874685288	0.3025758492506435	0.3243853646464472	0.2895653013539045	0.5238373563049823	0.3347897069141309	0.2829880125145531	0.2812923757363236	0.311033301219303	0.2963840730216736	0.2867568433294299	0.2661465288863913	0.2889533516731436	0.2480079828606617	0.3035588555014244	0.2866141593213342	0.2753236464507107	0.5442616016845986	0.292814453664728	0.5954321770710934	0.268776010719926	0.2889006389068185	0.249600890315242	0.3037078694501725	0.2921084670434614	0.3566526842232866	0.4193702656060447	0.2636162440156302	0.3252232264041069	0.2556598278109518	0.2489889245846498	0.3830293126370449	0.2858633808804492	0.2459528421997702	0.4894360960765689	0.6124252280002545	0.6253919323972553	0.2946073440467842	0.2977079395847529	0.2573549899839108	0.2382675659718575	0.2881916417635493	0.3158504218624497	0.328723039852977	0.3089614747063072	0.3384725254731894	0.2761951330606305	0.2581101027347666	0.2754156889210702	0.2948439759452483	0.2976346167935708	0.276534581016103	0.2384770743970061	0.2726616257609291	0.3115241513578689	0.2381742919277563	0.2635235313726363	0.5607463621106955	0.6346967704409181	0.8575379360131095	0.3131622439959708	0.3357506490081248
SRR21280531	0.09710127084354336	0.1125389350998372	0.4706938882571967	0.0697232354390004	0.235374447476222	0.2713648606546937	0	0.1691433838924333	0.1051603246709226	0.08619341840649768	0.08847951176586724	0.1122901144847365	0.1128292145804086	0.4881570421850479	0.1561220234798036	0.1025342174706631	0.1139309119092811	0.1062895652465997	0.1000862537021983	0.08601561190576099	0.09438983169692333	0.09190102948291169	0.07436429397301972	0.0959055453481058	0.1331948799104421	0.1476069238569079	0.4553766231407425	0.1028094126598499	0.4738436137557704	0.1333029187058302	0.08554514709564483	0.08330218897561122	0.1026023484496035	0.1215603917011858	0.2806049767924137	0.3207594146963253	0.1003723671593118	0.1186187919518599	0.1168574796346754	0.09062113757295895	0.2386142972987524	0.1089349934108433	0.1561227893519067	0.4555264164977054	0.5613401023060526	0.545404379023413	0.09332179683373303	0.1088309495473422	0.09816105931676056	0.09214264234032496	0.1007900873345974	0.1069675659371391	0.122267239732145	0.1104686640057874	0.1934395115404693	0.1271861333656235	0.122231355166215	0.1314694774421887	0.1298387664197207	0.0865694424304722	0.1086488225462326	0.0960507751973024	0.1373897105814438	0.2725455397598508	0.07962718895892612	0.1449083297762638	0.5020289285437386	0.5857439733535301	0.7613663725133624	0.1010969602178049	0.1283915997119434
SRR21280536	0.1867786920455922	0.20349137460782	0.540329845838279	0.14825778021742	0.3320603905141005	0.3265436164560717	0.1691433838924333	0	0.2060223302877597	0.1600208414134095	0.1688869742944378	0.1944180583765848	0.1681413495657741	0.5416782076051725	0.2727757174281577	0.1870458818727851	0.2216078441363546	0.2022301373868662	0.1822933631565855	0.1578664887684974	0.1452711262875083	0.1664993695248963	0.1542379844270393	0.1861236844753157	0.1882953794838496	0.2029956702249794	0.5510972819537087	0.1734427735060643	0.4314785804508511	0.2497401811206093	0.1964108210947649	0.1886224742146936	0.1913309361259457	0.1659068471985658	0.3693790062046857	0.3930281837680223	0.1562501310768067	0.212186189404508	0.1818409366052134	0.1789864667534727	0.3523983507524153	0.2198211615130337	0.2185554818655174	0.5359751657867315	0.6152702020109979	0.6398841668676519	0.1636374149696652	0.1729018555124423	0.1716554744656831	0.1590292147947295	0.2025156042902841	0.1891786328945859	0.2125102504605356	0.1919427710479485	0.110039800115843	0.1587133686834648	0.1544532300307616	0.1648984242613323	0.138784849609068	0.1746832088076638	0.1802942716009557	0.1978001176758323	0.2112854600522231	0.3273071998996287	0.1334549417848585	0.2036782338277266	0.5575124225468863	0.6369177862936359	0.8489912206036339	0.1884062086601666	0.1715841947194054
SRR21280678	0.032636931162401	0.01698114547756204	0.5103582570234529	0.07915790971042332	0.2046705135897332	0.3133247510694985	0.1051603246709226	0.2060223302877597	0	0.09001218401864799	0.06274906254937963	0.03425118336224259	0.07102228446870427	0.5331712980240179	0.123285362686879	0.05566461710265916	0.1103395202109229	0.016980203561067	0.03393289675718923	0.05706845760980696	0.1006785281349075	0.07401881312149686	0.09380059173798333	0.03467958849408893	0.1520537148980762	0.1920584919297713	0.4982215274128414	0.1101750196373314	0.5108346367762132	0.1009807840270776	0.06983484002080717	0.1341411054438416	0.02733707136433608	0.1266631697180276	0.3321667585245899	0.3710847087060853	0.1327742923574158	0.02171823746530313	0.1603761166332183	0.1186316051553413	0.1985609296639024	0.08867450519344031	0.1919461908478398	0.4983674477614737	0.5893325980373498	0.5903685988219514	0.1012202994963816	0.1104222220979615	0.1234867365870737	0.1239299887806482	0.03567918473012067	0.0278568157164218	0.02526385074524841	0.02797979699849351	0.2342451652914375	0.1742624416500725	0.177709297832045	0.1922381528519106	0.1502527301623185	0.04283656679235262	0.07511707443967242	0.131240428541868	0.1790259347109397	0.3263072209523354	0.1140327183838377	0.1836124901100588	0.5303287754576735	0.6137391789722141	0.7975083008648931	0.03026440061140311	0.04823161907551388
SRR21280682	0.07703026975168455	0.09278960968576958	0.472425146949894	0.04719260507460391	0.2386707565778871	0.2759478874685288	0.08619341840649768	0.1600208414134095	0.09001218401864799	0	0.0730156640603816	0.09392915316926566	0.09930577149984773	0.4929009726447964	0.1698152046270069	0.0969266979878942	0.1187866463246048	0.08347225114593256	0.09308342042696997	0.07177693290766222	0.04583250740135714	0.04328853587726965	0.04809509393057057	0.07877552739299898	0.09611887002457582	0.1297706959923135	0.4821974957813917	0.08663017845396398	0.4904406874618966	0.1557783457631663	0.1112981122664452	0.1046682794391413	0.07239489693220497	0.05339023252406395	0.2996813607336571	0.3299045455406572	0.06678992068508609	0.09764906108888757	0.09414598335406581	0.08811611897867566	0.2493506316393791	0.1105456524137686	0.1590582686150941	0.4822912054416968	0.5690410116257176	0.5711738397099916	0.07893894212648367	0.047274091273655	0.09757650554841205	0.07356636265621785	0.08530173383004014	0.09054379266447653	0.1015829685472833	0.07885829329932754	0.1769294655865349	0.1250841886931775	0.1181556833216545	0.1458063820944659	0.1495014291951037	0.07368262926692215	0.1205682862687573	0.1261765288212019	0.1430692956910411	0.2898917584343635	0.08473243998180477	0.1580413611228136	0.5086470124857998	0.5919874584816247	0.7720375966066222	0.08435241499973835	0.107212253412372
SRR21280683	0.04960642854566298	0.06062338974550619	0.4936249456454274	0.0582149330380362	0.2161575235775421	0.3025758492506435	0.08847951176586724	0.1688869742944378	0.06274906254937963	0.0730156640603816	0	0.04388595423563239	0.05805641022221446	0.5230241480352522	0.1501172034696291	0.06657935235621021	0.1065708766892199	0.05546606217892844	0.06211262831190797	0.03292661169630418	0.0835749081467243	0.05433187414572778	0.07703894776446998	0.04440272403656803	0.1416796266910464	0.1682122794515956	0.4932537026101209	0.07075339725805561	0.48472186825362	0.1301077084764297	0.08081771023918823	0.1027206169802385	0.05308281594150585	0.1046959653496882	0.314997277998149	0.3425561408732974	0.1189185489313168	0.06530523646403838	0.14774574729841	0.09838628156621373	0.2263711972675738	0.09274804327697596	0.1738503726231743	0.4914606633407421	0.5726140955023759	0.5790036161732848	0.05172272101023063	0.09954093580417502	0.07645263527859826	0.1012351905908063	0.06112072637573416	0.05205874899962294	0.06747127622720285	0.06224273201884205	0.2114343013182829	0.1433998623435552	0.1500416198944286	0.1643423678673339	0.1202847405327751	0.03683590208622801	0.08105338423434977	0.1074158998264702	0.1621562538564019	0.2874180010814315	0.0955848311431888	0.1458814090505118	0.5050143068636832	0.5967783933325086	0.7833633062711999	0.04155368965955351	0.05811071678557349
SRR21280684	0.02827345568211085	0.02319551042588225	0.5158643567731531	0.07248873830533847	0.212210065347972	0.3243853646464472	0.1122901144847365	0.1944180583765848	0.03425118336224259	0.09392915316926566	0.04388595423563239	0	0.05983795697185396	0.5432968495405944	0.1352109345456886	0.05588846873543274	0.1233614351485341	0.02392003187798992	0.03770123025472634	0.04449575852204898	0.1022335417254923	0.07288128415341362	0.09877263944157226	0.03113125442331082	0.1622503810354923	0.1911051441583859	0.5156541640727538	0.09164856523026474	0.512553996537479	0.1139844553930469	0.07887710211369563	0.1301926919293645	0.03383461706375675	0.1220752478683026	0.3354142546595883	0.3711521425382612	0.1423378754472573	0.02716653015809881	0.1714896558692864	0.1212701886264012	0.2060255212944669	0.09280907985214314	0.1930249587676222	0.5097250247524407	0.5889968315562397	0.601039823002203	0.07299295590858519	0.1184346818363968	0.1099936167361762	0.1226848702007364	0.03888502374839153	0.02106279371093615	0.02785922862703186	0.0341677953882132	0.2412823001923827	0.173381446161791	0.179519407922178	0.1940103557325469	0.1479379011993696	0.03733909565172733	0.07709711261795955	0.1328869800865216	0.1834470365913134	0.3192638174580458	0.1193559151010925	0.1694823568355116	0.5201929215244823	0.6110635082754068	0.8004054922469512	0.01655309914439138	0.03111264600829167
SRR21280685	0.04715144857701734	0.06290778839237345	0.5144843528927808	0.07449765659623785	0.2151730761166618	0.2895653013539045	0.1128292145804086	0.1681413495657741	0.07102228446870427	0.09930577149984773	0.05805641022221446	0.05983795697185396	0	0.5314885919018174	0.1448857061105692	0.06703603320141228	0.1209211526377696	0.06474245096698478	0.05932223547505301	0.03850440371805763	0.1029602771894182	0.07537050801167886	0.1017250020787387	0.04941929186874459	0.1353983804397223	0.1818041623351879	0.5057271636587479	0.1192667381900865	0.4947105135455336	0.1195382021538952	0.08296326481665726	0.1374968748506823	0.05878410963966584	0.1290886372197813	0.3372794832825011	0.376444482459986	0.1360639579075289	0.07294620073741906	0.1610956007342317	0.129693731352709	0.2283499313157266	0.1011794586803132	0.1822826930270348	0.5013953045480786	0.5875704600921022	0.5969013215448951	0.09733655412949781	0.1192853534231506	0.1189060452282441	0.1270844461764619	0.06760927445212103	0.0539620536866765	0.07413877996376446	0.06479044689381015	0.1992144942614121	0.1486803928697272	0.1503038659824328	0.164609569098906	0.1214012068451076	0.04445824171645553	0.07415046413879448	0.1353407795439251	0.1774329534576289	0.3137678581267441	0.1032682455521812	0.1762775027181369	0.5187416900536143	0.6114202069011213	0.8071518136418698	0.05336882141890191	0.05207626979060742
SRR21280718	0.518131364120888	0.5359276508531844	0.1279190347953327	0.4834209318499624	0.5523300783083749	0.5238373563049823	0.4881570421850479	0.5416782076051725	0.5331712980240179	0.4929009726447964	0.5230241480352522	0.5432968495405944	0.5314885919018174	0	0.4591312159779286	0.5022729638102487	0.434463039025255	0.5284862535260308	0.5154225056630362	0.5064348306983072	0.481243327937074	0.5046827620180965	0.4662233068324353	0.5222747700355134	0.5230715957419956	0.3984084422532779	0.2658257262201342	0.5107947883560674	0.2062381098795122	0.5032782048940997	0.516478342121156	0.4438993541705961	0.5211124751626491	0.498118073790437	0.5433517445876812	0.2418278093749604	0.4791598564033289	0.5432480773756451	0.4336906367360733	0.4515199669926527	0.3402586248228762	0.4594947542923558	0.4447867738947297	0.6081028683116922	0.752633666137396	0.5803593183036196	0.5135688476846104	0.5048954276496257	0.4748479716148105	0.444501192150458	0.5084878396666229	0.533699113888657	0.5456610928280035	0.5229489523079474	0.5650903269645688	0.4916316250181733	0.4492605215309519	0.4401067726879847	0.5094496147806747	0.5171204520343353	0.4900952813916203	0.4381555789352659	0.3814640646595041	0.482186503853785	0.4607396019732095	0.4517131887303965	0.700802127910926	0.7714168363179371	0.4138020238172084	0.532390903420867	0.5539013537988936
SRR21280719	0.1126030096622697	0.1269752999118559	0.441285707135061	0.1532213544373148	0.2559415082983698	0.3347897069141309	0.1561220234798036	0.2727757174281577	0.123285362686879	0.1698152046270069	0.1501172034696291	0.1352109345456886	0.1448857061105692	0.4591312159779286	0	0.1189626579239591	0.09359299843452722	0.1191448315932075	0.1249620693663437	0.1345099017668001	0.1799695678134657	0.1539886487721367	0.1530294091305537	0.117357639895221	0.2258572197078678	0.1460099638699752	0.4009270918476494	0.1936555081238904	0.4423017268654333	0.1070290738141292	0.131796263048039	0.1478502213905875	0.1193661942243785	0.204083145770743	0.3529275194910247	0.3026013799145215	0.1989521224384883	0.1318590895056573	0.1695710690042387	0.1487975159702111	0.1337329788881183	0.09456030092676461	0.2389270778993863	0.481310262219773	0.6434594611541408	0.5147162246897211	0.1861180931013038	0.1916179610365666	0.1679798645928857	0.1548902329872724	0.108439477121886	0.1283845781152906	0.1357331995569459	0.1208534380080701	0.2817817577854366	0.2155559833325071	0.1923922092646199	0.1741896272532968	0.203402487163054	0.1231046773867364	0.1373334972773167	0.1659764601581878	0.1106083834865015	0.3481406626473995	0.1754333299391823	0.2368641917916524	0.5829353333193177	0.6667239468133396	0.7283586657363682	0.1247582838109376	0.1442706585129125
SRR21280730	0.0465698158095311	0.06137883693783481	0.4836558611608527	0.09154606112325246	0.2034834610538919	0.2829880125145531	0.1025342174706631	0.1870458818727851	0.05566461710265916	0.0969266979878942	0.06657935235621021	0.05588846873543274	0.06703603320141228	0.5022729638102487	0.1189626579239591	0	0.0937107156960936	0.05203054405473007	0.04691312186874271	0.05144704802213392	0.1167814823139722	0.08530065575545492	0.0780936013028246	0.0460857472877966	0.1592064901724754	0.160053254998504	0.4859304458736417	0.1199623768555804	0.4904282776714887	0.09789743879059083	0.05657184548784942	0.1013622724732505	0.05041963846019078	0.1348783053178426	0.3162917697883784	0.3482943898290166	0.116809367672263	0.0671520482505638	0.1337994157350114	0.09768037314635425	0.1885336250595789	0.06906019654710838	0.1865971563746957	0.48347609533803	0.5866274727468691	0.5824577415690688	0.105992419251607	0.1271689237624851	0.09666350051791325	0.1018173758400887	0.03101088865759637	0.05318373127246005	0.06783464617196611	0.05403345508183359	0.2110610001004939	0.1457950422222942	0.141087588652201	0.1566005041084792	0.1304139430550318	0.04557615849807288	0.0518468387704578	0.1029491560024425	0.1570734647563729	0.2959025272042832	0.09797517469344552	0.1724716223722313	0.5199893820648764	0.6092067770197873	0.7800762264688964	0.04623369495630277	0.0653757539505436
SRR21280741	0.1022552105991321	0.1176979375363927	0.4115574716868534	0.1140010812401265	0.2363143922220168	0.2812923757363236	0.1139309119092811	0.2216078441363546	0.1103395202109229	0.1187866463246048	0.1065708766892199	0.1233614351485341	0.1209211526377696	0.434463039025255	0.09359299843452722	0.0937107156960936	0	0.1075769171602843	0.1116722758218094	0.09643050461876947	0.1328448469298777	0.107550675750515	0.09713189803872488	0.1005141911873375	0.1803008113707992	0.09462762247110902	0.4445748098084289	0.1537464948826032	0.4258470905053513	0.1049955814253163	0.1111995055841308	0.08587868533047505	0.0990652201326986	0.1566737862939548	0.3205914298362343	0.2721353542911191	0.138786319800668	0.1227099196113722	0.09475997142487154	0.08677014217131324	0.1457781713403888	0.03781200069457151	0.2076497641613458	0.4638914281820405	0.6117488981473715	0.5338866497415955	0.1450799184259303	0.1449294985026724	0.1116055688277858	0.09363663137504383	0.08774247578174046	0.1129516660547755	0.126696988020986	0.1032064110550849	0.2308657564183184	0.1578486877792764	0.1242740614660477	0.110301164830602	0.161095642655836	0.09626877545415385	0.1166375609625948	0.1198526843983607	0.08685556790447053	0.309635729466271	0.1267093726191554	0.2025691551251498	0.5517596182735425	0.6354116648589765	0.7109366433837829	0.1112705926347927	0.1327479981842546
SRR21280788	0.02089727095594986	0.01299683702509823	0.5098220134501886	0.06705756698207879	0.1990582089573232	0.311033301219303	0.1062895652465997	0.2022301373868662	0.016980203561067	0.08347225114593256	0.05546606217892844	0.02392003187798992	0.06474245096698478	0.5284862535260308	0.1191448315932075	0.05203054405473007	0.1075769171602843	0	0.0267704278538732	0.04907613926078848	0.09325803665197481	0.06505825411857773	0.08901288792840202	0.02411078812916693	0.151901318172408	0.191025327843685	0.5018043607278482	0.09967839847908669	0.5081003849600404	0.09964094502850612	0.07466858975706225	0.1286206246248776	0.02019484168613612	0.1158916285269462	0.3320496952766988	0.3705503871834221	0.1333644428232787	0.01721358437959873	0.1603500938759909	0.1134876748000552	0.1927351813646223	0.08636476618114007	0.1817666547992948	0.4979724419647137	0.5816990169100437	0.5916150553692779	0.09188526896041795	0.1073724696008308	0.1185666541993532	0.1197472546765496	0.02954543206017047	0.02231908749185243	0.02239078909497988	0.02099556032561357	0.2366287598945377	0.1727699308180729	0.1774196914787996	0.1923632876493169	0.1460476648277747	0.03706163396577904	0.07344860302539341	0.1302027154149337	0.1778249903953329	0.3294020747441094	0.1182101725720847	0.1757075217484299	0.521075701483269	0.6049325541282552	0.7916418697912129	0.02227211491905148	0.03759749453392214
SRR21280789	0.02450953725665612	0.03019950463810685	0.5120591886732125	0.07257996781245059	0.1982619609247874	0.2963840730216736	0.1000862537021983	0.1822933631565855	0.03393289675718923	0.09308342042696997	0.06211262831190797	0.03770123025472634	0.05932223547505301	0.5154225056630362	0.1249620693663437	0.04691312186874271	0.1116722758218094	0.0267704278538732	0	0.04168741389525721	0.09583749727357134	0.06917391689348314	0.09510205439691509	0.02747982035877959	0.1448922748924416	0.1892901354925283	0.483880303043331	0.1082388608780752	0.5133604581800502	0.1001954965860452	0.06411540898239776	0.1189408983105839	0.02815769332912709	0.125624650273293	0.3257678273790541	0.3697895201267269	0.1291005758531444	0.03332171826650138	0.1553665733641852	0.1205510492920037	0.1985342217474082	0.09207757262715972	0.162716721255455	0.4817782745136043	0.5592044606298006	0.5901319688772768	0.0971385500215447	0.1114574288180012	0.1242881314734763	0.1251337676151829	0.03784003628258416	0.03284567741333416	0.03958929457361934	0.03331075785775224	0.2330927325737107	0.1727944431988236	0.1638246307441982	0.1830397520926001	0.1312483506632926	0.04582563346585378	0.0586159696537699	0.1156904513980393	0.1833252040364913	0.3122118235278794	0.1006854941129145	0.1556171662926828	0.500355645959532	0.5827746945039436	0.7968597911872038	0.02793760856480289	0.04852579806579542
SRR21280792	0.03189482649364628	0.05115459481507754	0.4904633682776001	0.05052997004731726	0.2048880845229576	0.2867568433294299	0.08601561190576099	0.1578664887684974	0.05706845760980696	0.07177693290766222	0.03292661169630418	0.04449575852204898	0.03850440371805763	0.5064348306983072	0.1345099017668001	0.05144704802213392	0.09643050461876947	0.04907613926078848	0.04168741389525721	0	0.07625559213553434	0.0458640599320407	0.07473066923319187	0.03353023084876963	0.1338303628577716	0.1612285734540871	0.4851106116613064	0.09204031428386562	0.4880024208351101	0.1183633764394819	0.07037430462127878	0.1089369929452937	0.04352008892749626	0.102971295026232	0.3116539626096846	0.3528125802480914	0.1125307203656557	0.05755068321768999	0.1367017634871338	0.1047037337381331	0.2166457403737703	0.08589795703278305	0.1573169827610895	0.4823339743113901	0.5630322320947263	0.5773579031898353	0.07145477386704642	0.09506156775276627	0.09447012439792965	0.1010593397111627	0.05348867288864491	0.04010530621501544	0.05994023933563397	0.04860775298922846	0.2059781861247215	0.1412512990352315	0.1388652956391399	0.1546275692944397	0.1123189229376144	0.02901544539212009	0.06435456006381476	0.1094149372603953	0.1552074815534594	0.2906879978667772	0.08197216358150644	0.1494185045261724	0.4942964630301821	0.5858876682901643	0.7838056145205872	0.03949155303898407	0.05339025327350042
SRR21280795	0.08006865746136393	0.09524194376217428	0.4632591158023936	0.03762227804940301	0.2513681776708597	0.2661465288863913	0.09438983169692333	0.1452711262875083	0.1006785281349075	0.04583250740135714	0.0835749081467243	0.1022335417254923	0.1029602771894182	0.481243327937074	0.1799695678134657	0.1167814823139722	0.1328448469298777	0.09325803665197481	0.09583749727357134	0.07625559213553434	0	0.04976764295046027	0.054284271061337	0.08194650898083457	0.08114127985173399	0.1284833552099064	0.4794075547024125	0.07278818213717581	0.4968559299502764	0.167100278934787	0.1272123024703068	0.1233085548565562	0.0818125254655466	0.04934764047246581	0.3000523955969799	0.3252302936531442	0.06160030404856668	0.1008710566888611	0.08932814884948213	0.09227766091976983	0.2642668369911281	0.1315867776959186	0.1478146163594236	0.4710377138649677	0.5463593113978529	0.5560720671266246	0.07190922567159931	0.05350148548131797	0.0956241788217457	0.06414578732736791	0.1020821122418986	0.09421715576785353	0.1060860486785857	0.08932993010936659	0.1703426041986681	0.1124533596674355	0.1073078152530222	0.1317249005351213	0.1538813083622209	0.08709225464837876	0.1347031812453244	0.1420114612560606	0.1296509035171259	0.2855120018126476	0.07407868177949523	0.1438063283376613	0.4965469302190544	0.5701371976675668	0.7619342985404409	0.09031668805113491	0.1140107353068708
SRR21280798	0.0511332648200392	0.06813899694724783	0.4865517902157758	0.04460938252959588	0.224934947873556	0.2889533516731436	0.09190102948291169	0.1664993695248963	0.07401881312149686	0.04328853587726965	0.05433187414572778	0.07288128415341362	0.07537050801167886	0.5046827620180965	0.1539886487721367	0.08530065575545492	0.107550675750515	0.06505825411857773	0.06917391689348314	0.0458640599320407	0.04976764295046027	0	0.05340975806848749	0.05605573261602945	0.09950345139340981	0.1481082926907626	0.4890523623330629	0.08990788612291266	0.4997350463013719	0.1412695605589732	0.09591739554722305	0.1186200892554819	0.05268802476561425	0.07753822505599225	0.3067286146009343	0.3454362034781003	0.08485967092137414	0.07433196100584598	0.1108918405026643	0.1031679191105918	0.2368453936912425	0.09773074080905786	0.1604373453963671	0.4883566401990891	0.5687912188502772	0.5781275163659136	0.08024113611188063	0.07042811623716176	0.1081424419805939	0.0792931504548067	0.07397231478788779	0.06918720435506603	0.08024360581802174	0.06284964242510521	0.1863497208358555	0.1403833936279048	0.1251088706272289	0.1472974991856146	0.1368242085595847	0.05879591896929624	0.1053321714591647	0.1188022041271762	0.1540366631128043	0.3031322267480374	0.09302797008756565	0.1582252453291582	0.5081207117563664	0.5916781396910644	0.7825187002860695	0.06256773620349261	0.08390547676118924
SRR21280800	0.08367489486604375	0.09892495036109467	0.442804616089435	0.04358141683286555	0.2364808298981607	0.2480079828606617	0.07436429397301972	0.1542379844270393	0.09380059173798333	0.04809509393057057	0.07703894776446998	0.09877263944157226	0.1017250020787387	0.4662233068324353	0.1530294091305537	0.0780936013028246	0.09713189803872488	0.08901288792840202	0.09510205439691509	0.07473066923319187	0.054284271061337	0.05340975806848749	0	0.08412320350053723	0.1043335543110302	0.1103087073534708	0.4621772858518104	0.08199969623883253	0.4663964980819946	0.1385307231653249	0.1028507680168542	0.08015339046203401	0.08096865324294845	0.07866896949313409	0.2742140426879888	0.299606414512582	0.06320705699242588	0.1040452759948152	0.08025161460541758	0.05641842965603801	0.227283147487675	0.0860882430723881	0.1545737143037177	0.4590832912340734	0.5651257866955239	0.5461591026761636	0.07527026228084745	0.07393461605199673	0.06159972426753849	0.03458258476318456	0.06704168535624361	0.09623607171467928	0.1081168167811151	0.08412943751168231	0.1670513563987113	0.09657794902632327	0.09633588630585593	0.1100390740250874	0.1438376325964317	0.07356168932204049	0.1137761211186099	0.100163967954331	0.1101028500956486	0.26800592213572	0.06767241378393314	0.1496909732937801	0.5044864144583843	0.5883432751942119	0.7424891923980866	0.08906571320184768	0.1128732336584106
SRR21280801	0.01567197720663407	0.02604974326583698	0.5026160820538924	0.05515387173354777	0.1942934280005372	0.3035588555014244	0.0959055453481058	0.1861236844753157	0.03467958849408893	0.07877552739299898	0.04440272403656803	0.03113125442331082	0.04941929186874459	0.5222747700355134	0.117357639895221	0.0460857472877966	0.1005141911873375	0.02411078812916693	0.02747982035877959	0.03353023084876963	0.08194650898083457	0.05605573261602945	0.08412320350053723	0	0.1402492454591162	0.1813220951559885	0.4939849418578294	0.09145880546985413	0.4987224156307078	0.09931193043649683	0.06649472417991889	0.1215077798324418	0.02356155496134516	0.1099424412684089	0.3236815900749334	0.3619937253964507	0.1248627124574458	0.03246846327826748	0.1518773176521656	0.1095022588142502	0.1946111305641408	0.08299940045300404	0.1688065100673729	0.4891874098254939	0.5698297668822221	0.5837304562239568	0.07827264363721848	0.09874889364129311	0.1115499522151705	0.111985568214063	0.03165434843855273	0.02883046469985871	0.03353228609955066	0.03163037948799313	0.2256240407970372	0.160112440632717	0.1648230758783862	0.181669014337184	0.1339163147295021	0.02765499192396292	0.06680297082853724	0.1210535881623253	0.1690320086644574	0.3192935321092817	0.1068094964960122	0.1623322089254716	0.5072802880605599	0.5935721669075005	0.7851635009229271	0.02065538309947051	0.04279150099948793
SRR21280847	0.1410517838229738	0.1535728327377755	0.5091909026754814	0.1046501376985258	0.2914195302399892	0.2866141593213342	0.1331948799104421	0.1882953794838496	0.1520537148980762	0.09611887002457582	0.1416796266910464	0.1622503810354923	0.1353983804397223	0.5230715957419956	0.2258572197078678	0.1592064901724754	0.1803008113707992	0.151901318172408	0.1448922748924416	0.1338303628577716	0.08114127985173399	0.09950345139340981	0.1043335543110302	0.1402492454591162	0	0.1653553721671686	0.5156350960725609	0.1336505282226377	0.5412213319733551	0.1983175609220179	0.1600051610822414	0.1634406171159389	0.1398914268868131	0.07721227103691031	0.3325054187585389	0.3673800477385906	0.08405455073001029	0.1597966366651724	0.1133120845295183	0.1390884015398516	0.3077467065776913	0.1743712400938372	0.1959924724981431	0.5007188018284952	0.5852565088042243	0.5988597080315171	0.1314830576836647	0.07523268140216643	0.1443411964858271	0.1116517698278418	0.1543923930124227	0.1520144155683602	0.1632951907571178	0.1443834255453416	0.1713196276861521	0.1637836866172157	0.1348207384757019	0.1698912387873043	0.2017124006579215	0.1435674567870324	0.1733728858147425	0.1801342474361889	0.1822668344757439	0.3242893927680282	0.1175061020251833	0.1885108927014076	0.5358758817739094	0.6100676441266686	0.8056857073564517	0.1496881763712431	0.1734806753777802
SRR21280848	0.181731269354277	0.1978682451674022	0.3736452274855351	0.1444975844019272	0.3094676283444379	0.2753236464507107	0.1476069238569079	0.2029956702249794	0.1920584919297713	0.1297706959923135	0.1682122794515956	0.1911051441583859	0.1818041623351879	0.3984084422532779	0.1460099638699752	0.160053254998504	0.09462762247110902	0.191025327843685	0.1892901354925283	0.1612285734540871	0.1284833552099064	0.1481082926907626	0.1103087073534708	0.1813220951559885	0.1653553721671686	0	0.4420049848457874	0.1670402477678736	0.4102479840141618	0.1766794296820244	0.1810491956913898	0.1127081268792964	0.1785530732768172	0.1432306182426659	0.3279326001644569	0.2321560600911679	0.1174507502813816	0.2051631811276047	0.06408273652364026	0.1022907727593733	0.1878454950527745	0.1131248096065707	0.2198233591125033	0.4716221027413541	0.6172235176691316	0.516929916885061	0.1609186183258022	0.1548255976208414	0.118976500091098	0.08342219618875742	0.1671366688367946	0.18605531948748	0.2059933332521046	0.1802499361900222	0.2063152018892909	0.1366092802617999	0.09661716326526387	0.08138514717112283	0.2078120780439746	0.1643272327436027	0.1825329585609621	0.1601915152779384	0.04242878846744958	0.2992455751968562	0.1307958266241836	0.2085241596046323	0.5601333884781499	0.6392670548328083	0.6794300357699438	0.183409532857967	0.2049489569710424
SRR21280897	0.4957457794908642	0.5080618654250492	0.2380169988557994	0.4667697649123156	0.5387422746957179	0.5442616016845986	0.4553766231407425	0.5510972819537087	0.4982215274128414	0.4821974957813917	0.4932537026101209	0.5156541640727538	0.5057271636587479	0.2658257262201342	0.4009270918476494	0.4859304458736417	0.4445748098084289	0.5018043607278482	0.483880303043331	0.4851106116613064	0.4794075547024125	0.4890523623330629	0.4621772858518104	0.4939849418578294	0.5156350960725609	0.4420049848457874	0	0.5011834006873127	0.3345256080125025	0.4557196132272768	0.4733412583919752	0.4385907607639987	0.4991906539001856	0.5120069597825021	0.5420192613507941	0.353523888760489	0.4892239817812274	0.5137137268508666	0.4614258015636534	0.4582156641176794	0.3946177892021889	0.4616886790674373	0.4812317866089644	0.6053335720239741	0.783476447360364	0.5154866890948354	0.4929183546712553	0.4970347450481959	0.4751278305073913	0.4642360214918456	0.4885170315175815	0.5082006968329493	0.5177395447966516	0.5062715174754647	0.5554440361455386	0.4999009258055542	0.4740694559949915	0.4638081550367055	0.4844489332846098	0.4927482132906615	0.4740895649179456	0.443349480825793	0.4165643596201167	0.5313767598687226	0.4329627238654549	0.4911657199256413	0.7237038867527434	0.8070443324685683	0.4985932733464881	0.5040369154835492	0.5259614008940792
SRR21280898	0.09189013529683453	0.1012246512730457	0.4857237326823535	0.05997132591134333	0.2590883616142557	0.292814453664728	0.1028094126598499	0.1734427735060643	0.1101750196373314	0.08663017845396398	0.07075339725805561	0.09164856523026474	0.1192667381900865	0.5107947883560674	0.1936555081238904	0.1199623768555804	0.1537464948826032	0.09967839847908669	0.1082388608780752	0.09204031428386562	0.07278818213717581	0.08990788612291266	0.08199969623883253	0.09145880546985413	0.1336505282226377	0.1670402477678736	0.5011834006873127	0	0.5131853512230916	0.1746121636117029	0.1280101283508728	0.1051675292098259	0.09987831013091429	0.0893667274340777	0.3125378826607648	0.3191908657299248	0.1096561235982836	0.1056563637835792	0.1403779358103959	0.08816593786331542	0.2691673354715257	0.1381002051424103	0.1740300024878803	0.4821774397118866	0.5591130931569129	0.5734253442308199	0.02766323803555111	0.1031057006305637	0.06213913267777556	0.09228037458253799	0.1028849078416379	0.109016796237807	0.1093225170171542	0.1096476522468222	0.2226546406772799	0.1512422671383182	0.1575290796699822	0.1709539129294154	0.1727581954426508	0.09214918933067381	0.1460722472874364	0.1368886749673177	0.1556629238890022	0.2972251977003859	0.1058890481359717	0.1104344301463611	0.5090648075359815	0.5810108027145112	0.7679729880774971	0.09144264688827301	0.1164808549370618
